PUID,SOLUTION
1,1
2,0
3,1
4,1
5,1
6,1
7,0
8,0
9,1
10,0
11,0
12,1
13,1
14,1
15,1
16,0
17,1
18,1
19,1
20,1
21,1
22,1
23,1
24,1
25,1
26,1
27,1
28,1
29,1
30,1
31,1
32,1
33,1
34,0
35,1
36,1
37,1
38,1
39,1
40,1
41,1
42,1
43,1
44,1
45,1
46,1
47,1
48,1
49,1
50,1
51,1
52,1
53,1
54,1
55,1
56,1
57,1
58,1
59,1
60,1
61,1
62,1
63,1
64,1
65,1
66,1
67,1
68,1
69,1
70,1
71,1
72,1
73,1
74,1
75,1
76,1
77,1
78,0
79,1
80,1
81,1
82,1
83,1
84,1
85,1
86,1
87,1
88,1
89,1
90,1
91,1
92,1
93,0
94,0
95,1
96,1
97,1
98,1
99,1
100,1
101,0
102,1
103,1
104,1
105,1
106,1
107,1
108,1
109,1
110,1
111,1
112,1
113,1
114,1
115,1
116,1
117,1
118,0
119,1
120,1
121,0
122,0
123,1
124,0
125,1
126,0
127,1
128,1
129,1
130,1
131,0
132,0
133,1
134,1
135,1
136,1
137,1
138,1
139,1
140,1
141,1
142,1
143,1
144,1
145,1
146,1
147,0
148,1
149,1
150,1
151,1
152,1
153,1
154,1
155,1
156,1
157,1
158,1
159,1
160,1
161,1
162,1
163,1
164,1
165,1
166,0
167,0
168,1
169,1
170,1
171,1
172,1
173,1
174,1
175,1
176,1
177,1
178,1
179,1
180,1
181,1
182,1
183,1
184,1
185,1
186,1
187,1
188,1
189,1
190,1
191,1
192,1
193,1
194,1
195,1
196,0
197,1
198,1
199,1
200,1
201,1
202,1
203,1
204,1
205,1
206,1
207,1
208,1
209,1
210,1
211,1
212,1
213,1
214,1
215,1
216,1
217,1
218,0
219,1
220,1
221,1
222,1
223,1
224,1
225,1
226,0
227,0
228,1
229,1
230,1
231,0
232,0
233,0
234,1
235,1
236,1
237,1
238,1
239,1
240,0
241,1
242,0
243,1
244,1
245,1
246,1
247,1
248,1
249,1
250,1
251,1
252,1
253,1
254,1
255,1
256,1
257,0
258,1
259,0
260,1
261,1
262,1
263,1
264,1
265,0
266,1
267,1
268,1
269,1
270,1
271,1
272,1
273,1
274,1
275,1
276,1
277,1
278,1
279,1
280,1
281,1
282,1
283,1
284,1
285,1
286,1
287,1
288,1
289,1
290,1
291,1
292,1
293,1
294,1
295,1
296,1
297,1
298,1
299,1
300,1
301,1
302,0
303,0
304,0
305,0
306,1
307,1
308,1
309,1
310,1
311,1
312,1
313,0
314,1
315,1
316,1
317,0
318,1
319,0
320,1
321,1
322,0
323,1
324,1
325,1
326,0
327,1
328,0
329,0
330,1
331,1
332,1
333,1
334,0
335,0
336,1
337,1
338,0
339,1
340,1
341,0
342,1
343,1
344,0
345,1
346,1
347,0
348,1
349,1
350,1
351,1
352,1
353,1
354,0
355,1
356,0
357,1
358,1
359,0
360,1
361,1
362,1
363,1
364,1
365,1
366,1
367,1
368,1
369,1
370,1
371,1
372,1
373,1
374,1
375,1
376,1
377,1
378,1
379,1
380,1
381,1
382,1
383,0
384,1
385,1
386,0
387,0
388,0
389,1
390,1
391,0
392,1
393,0
394,1
395,1
396,1
397,1
398,1
399,1
400,1
401,1
402,1
403,1
404,1
405,1
406,1
407,1
408,1
409,0
410,1
411,1
412,1
413,1
414,1
415,1
416,1
417,1
418,1
419,1
420,1
421,1
422,1
423,0
424,1
425,0
426,1
427,1
428,1
429,1
430,1
431,1
432,1
433,1
434,1
435,1
436,1
437,1
438,1
439,1
440,1
441,1
442,1
443,1
444,1
445,1
446,1
447,1
448,1
449,1
450,1
451,1
452,0
453,1
454,0
455,1
456,0
457,0
458,0
459,0
460,1
461,1
462,1
463,1
464,1
465,1
466,0
467,0
468,1
469,1
470,1
471,1
472,1
473,1
474,1
475,1
476,1
477,1
478,1
479,1
480,1
481,1
482,1
483,1
484,0
485,1
486,1
487,0
488,1
489,1
490,1
491,1
492,1
493,1
494,1
495,1
496,1
497,1
498,1
499,0
500,1
501,1
502,1
503,1
504,1
505,1
506,1
507,1
508,1
509,1
510,1
511,1
512,1
513,0
514,1
515,1
516,1
517,1
518,1
519,1
520,1
521,1
522,1
523,1
524,1
525,1
526,1
527,0
528,1
529,1
530,1
531,0
532,1
533,1
534,1
535,1
536,1
537,1
538,1
539,1
540,0
541,1
542,1
543,1
544,1
545,1
546,1
547,1
548,1
549,1
550,1
551,1
552,1
553,1
554,1
555,1
556,0
557,1
558,1
559,1
560,1
561,1
562,1
563,1
564,1
565,1
566,0
567,1
568,1
569,1
570,1
571,1
572,1
573,0
574,1
575,0
576,1
577,1
578,1
579,1
580,0
581,1
582,0
583,1
584,1
585,1
586,1
587,1
588,0
589,1
590,1
591,1
592,1
593,1
594,1
595,1
596,1
597,1
598,1
599,1
600,1
601,1
602,1
603,1
604,1
605,1
606,1
607,1
608,1
609,1
610,1
611,1
612,1
613,0
614,1
615,1
616,1
617,1
618,0
619,1
620,0
621,0
622,1
623,1
624,1
625,1
626,1
627,0
628,0
629,1
630,1
631,1
632,1
633,1
634,1
635,1
636,1
637,1
638,1
639,1
640,1
641,1
642,1
643,1
644,1
645,1
646,1
647,1
648,1
649,1
650,1
651,1
652,1
653,1
654,1
655,1
656,1
657,1
658,1
659,1
660,1
661,1
662,1
663,1
664,1
665,1
666,1
667,1
668,1
669,1
670,1
671,1
672,1
673,1
674,1
675,0
676,1
677,1
678,0
679,0
680,0
681,0
682,0
683,0
684,0
685,1
686,1
687,1
688,0
689,1
690,0
691,1
692,0
693,0
694,1
695,1
696,0
697,1
698,1
699,1
700,1
701,1
702,1
703,1
704,1
705,1
706,1
707,1
708,1
709,1
710,1
711,1
712,0
713,1
714,1
715,1
716,1
717,1
718,1
719,1
720,1
721,1
722,1
723,1
724,1
725,1
726,1
727,1
728,1
729,1
730,1
731,1
732,1
733,1
734,1
735,1
736,1
737,1
738,1
739,1
740,1
741,1
742,1
743,1
744,1
745,1
746,1
747,1
748,1
749,1
750,1
751,0
752,1
753,1
754,1
755,1
756,0
757,1
758,1
759,1
760,1
761,1
762,1
763,1
764,1
765,0
766,1
767,1
768,1
769,1
770,1
771,1
772,1
773,1
774,1
775,1
776,0
777,1
778,1
779,1
780,1
781,1
782,1
783,1
784,1
785,0
786,0
787,0
788,0
789,0
790,0
791,1
792,1
793,1
794,1
795,0
796,1
797,1
798,0
799,1
800,1
801,1
802,1
803,1
804,1
805,1
806,1
807,1
808,0
809,1
810,0
811,1
812,1
813,1
814,1
815,1
816,1
817,1
818,1
819,1
820,1
821,1
822,1
823,1
824,1
825,1
826,1
827,1
828,1
829,1
830,1
831,1
832,1
833,1
834,1
835,1
836,1
837,1
838,0
839,1
840,1
841,1
842,1
843,1
844,1
845,1
846,1
847,0
848,1
849,1
850,1
851,1
852,1
853,1
854,1
855,1
856,1
857,1
858,1
859,1
860,1
861,1
862,1
863,1
864,1
865,1
866,1
867,1
868,1
869,1
870,1
871,1
872,1
873,1
874,1
875,1
876,1
877,1
878,1
879,1
880,1
881,1
882,1
883,1
884,1
885,1
886,1
887,1
888,1
889,1
890,1
891,1
892,0
893,1
894,1
895,1
896,1
897,1
898,1
899,1
900,1
901,1
902,1
903,1
904,0
905,1
906,1
907,1
908,1
909,1
910,1
911,1
912,0
913,1
914,0
915,0
916,0
917,0
918,0
919,1
920,1
921,1
922,1
923,1
924,1
925,1
926,1
927,1
928,1
929,1
930,1
931,1
932,0
933,1
934,1
935,0
936,1
937,1
938,1
939,1
940,1
941,1
942,1
943,1
944,1
945,1
946,1
947,1
948,1
949,1
950,1
951,1
952,1
953,1
954,1
955,1
956,1
957,1
958,1
959,1
960,1
961,1
962,1
963,0
964,1
965,1
966,1
967,1
968,1
969,1
970,1
971,1
972,1
973,1
974,1
975,1
976,1
977,1
978,1
979,1
980,1
981,1
982,1
983,1
984,1
985,1
986,1
987,1
988,1
989,1
990,1
991,1
992,1
993,1
994,1
995,0
996,1
997,1
998,1
999,1
1000,1
1001,1
1002,1
1003,1
1004,0
1005,1
1006,1
1007,1
1008,1
1009,1
1010,1
1011,1
1012,1
1013,1
1014,1
1015,1
1016,0
1017,0
1018,0
1019,1
1020,0
1021,0
1022,1
1023,0
1024,1
1025,0
1026,0
1027,1
1028,1
1029,1
1030,0
1031,1
1032,1
1033,1
1034,1
1035,0
1036,1
1037,1
1038,1
1039,1
1040,1
1041,1
1042,1
1043,0
1044,1
1045,1
1046,1
1047,1
1048,1
1049,1
1050,1
1051,1
1052,1
1053,1
1054,1
1055,1
1056,1
1057,1
1058,1
1059,1
1060,1
1061,1
1062,1
1063,1
1064,1
1065,1
1066,1
1067,1
1068,1
1069,1
1070,1
1071,1
1072,0
1073,1
1074,1
1075,1
1076,1
1077,1
1078,1
1079,1
1080,1
1081,1
1082,1
1083,1
1084,1
1085,1
1086,1
1087,1
1088,1
1089,1
1090,1
1091,1
1092,1
1093,1
1094,1
1095,1
1096,1
1097,1
1098,1
1099,1
1100,1
1101,0
1102,1
1103,1
1104,1
1105,1
1106,0
1107,1
1108,1
1109,1
1110,1
1111,1
1112,1
1113,1
1114,1
1115,0
1116,0
1117,1
1118,1
1119,1
1120,1
1121,1
1122,1
1123,1
1124,1
1125,1
1126,1
1127,1
1128,1
1129,1
1130,0
1131,1
1132,0
1133,0
1134,1
1135,1
1136,1
1137,1
1138,1
1139,0
1140,0
1141,1
1142,0
1143,0
1144,1
1145,1
1146,1
1147,1
1148,1
1149,1
1150,1
1151,1
1152,1
1153,1
1154,1
1155,1
1156,0
1157,1
1158,1
1159,1
1160,1
1161,1
1162,1
1163,1
1164,1
1165,1
1166,1
1167,1
1168,1
1169,1
1170,1
1171,1
1172,1
1173,0
1174,1
1175,1
1176,1
1177,1
1178,1
1179,1
1180,1
1181,0
1182,1
1183,1
1184,1
1185,1
1186,1
1187,1
1188,1
1189,1
1190,1
1191,1
1192,1
1193,1
1194,1
1195,1
1196,1
1197,1
1198,1
1199,1
1200,1
1201,0
1202,1
1203,1
1204,1
1205,0
1206,1
1207,1
1208,1
1209,1
1210,1
1211,1
1212,1
1213,1
1214,1
1215,1
1216,1
1217,1
1218,1
1219,1
1220,1
1221,1
1222,1
1223,1
1224,1
1225,1
1226,1
1227,0
1228,1
1229,1
1230,1
1231,1
1232,1
1233,1
1234,1
1235,0
1236,1
1237,1
1238,1
1239,1
1240,1
1241,1
1242,1
1243,0
1244,1
1245,0
1246,1
1247,1
1248,1
1249,1
1250,0
1251,0
1252,0
1253,1
1254,0
1255,1
1256,1
1257,1
1258,1
1259,1
1260,1
1261,1
1262,1
1263,1
1264,1
1265,1
1266,1
1267,1
1268,1
1269,1
1270,1
1271,1
1272,1
1273,1
1274,1
1275,1
1276,1
1277,1
1278,1
1279,1
1280,1
1281,1
1282,1
1283,1
1284,1
1285,1
1286,1
1287,1
1288,1
1289,1
1290,1
1291,1
1292,1
1293,1
1294,1
1295,1
1296,1
1297,1
1298,1
1299,1
1300,1
1301,1
1302,1
1303,1
1304,1
1305,1
1306,1
1307,1
1308,1
1309,1
1310,1
1311,1
1312,1
1313,1
1314,1
1315,1
1316,1
1317,1
1318,1
1319,1
1320,1
1321,1
1322,1
1323,1
1324,1
1325,1
1326,1
1327,1
1328,1
1329,0
1330,1
1331,1
1332,0
1333,1
1334,1
1335,1
1336,1
1337,0
1338,1
1339,1
1340,1
1341,1
1342,0
1343,1
1344,1
1345,1
1346,0
1347,1
1348,1
1349,1
1350,1
1351,1
1352,1
1353,1
1354,1
1355,1
1356,1
1357,0
1358,1
1359,1
1360,1
1361,1
1362,1
1363,1
1364,0
1365,1
1366,1
1367,0
1368,0
1369,1
1370,1
1371,1
1372,1
1373,1
1374,1
1375,1
1376,1
1377,1
1378,1
1379,1
1380,1
1381,1
1382,1
1383,1
1384,1
1385,1
1386,1
1387,1
1388,1
1389,1
1390,1
1391,1
1392,0
1393,1
1394,1
1395,1
1396,1
1397,1
1398,1
1399,1
1400,1
1401,1
1402,1
1403,1
1404,1
1405,1
1406,1
1407,1
1408,1
1409,1
1410,1
1411,1
1412,1
1413,1
1414,1
1415,1
1416,1
1417,1
1418,1
1419,1
1420,1
1421,1
1422,1
1423,0
1424,0
1425,1
1426,1
1427,1
1428,1
1429,1
1430,0
1431,1
1432,0
1433,1
1434,1
1435,1
1436,1
1437,1
1438,1
1439,1
1440,1
1441,1
1442,1
1443,1
1444,1
1445,1
1446,0
1447,1
1448,0
1449,0
1450,1
1451,1
1452,1
1453,0
1454,0
1455,0
1456,1
1457,1
1458,1
1459,1
1460,1
1461,0
1462,1
1463,1
1464,1
1465,1
1466,1
1467,1
1468,1
1469,1
1470,0
1471,0
1472,1
1473,0
1474,0
1475,1
1476,0
1477,0
1478,0
1479,1
1480,0
1481,1
1482,1
1483,1
1484,0
1485,0
1486,1
1487,1
1488,1
1489,1
1490,1
1491,1
1492,1
1493,1
1494,1
1495,1
1496,1
1497,1
1498,1
1499,1
1500,1
1501,1
1502,1
1503,1
1504,1
1505,1
1506,1
1507,1
1508,1
1509,1
1510,1
1511,1
1512,1
1513,1
1514,1
1515,1
1516,1
1517,1
1518,0
1519,1
1520,1
1521,1
1522,1
1523,1
1524,1
1525,1
1526,1
1527,1
1528,1
1529,1
1530,1
1531,1
1532,1
1533,1
1534,1
1535,1
1536,1
1537,1
1538,1
1539,1
1540,1
1541,1
1542,1
1543,1
1544,1
1545,1
1546,1
1547,1
1548,0
1549,1
1550,1
1551,1
1552,1
1553,0
1554,1
1555,0
1556,1
1557,1
1558,0
1559,1
1560,1
1561,0
1562,1
1563,0
1564,1
1565,1
1566,1
1567,1
1568,1
1569,1
1570,1
1571,1
1572,1
1573,1
1574,1
1575,0
1576,1
1577,1
1578,0
1579,1
1580,1
1581,1
1582,0
1583,1
1584,1
1585,1
1586,1
1587,1
1588,1
1589,0
1590,0
1591,0
1592,0
1593,1
1594,1
1595,1
1596,1
1597,1
1598,1
1599,1
1600,1
1601,1
1602,1
1603,1
1604,1
1605,1
1606,1
1607,1
1608,1
1609,0
1610,1
1611,1
1612,1
1613,1
1614,1
1615,1
1616,1
1617,1
1618,1
1619,1
1620,1
1621,1
1622,1
1623,1
1624,1
1625,1
1626,0
1627,0
1628,1
1629,1
1630,1
1631,1
1632,1
1633,1
1634,1
1635,1
1636,1
1637,1
1638,1
1639,1
1640,1
1641,1
1642,1
1643,1
1644,1
1645,1
1646,1
1647,1
1648,0
1649,1
1650,1
1651,1
1652,1
1653,1
1654,1
1655,1
1656,1
1657,1
1658,1
1659,1
1660,1
1661,1
1662,1
1663,1
1664,1
1665,1
1666,1
1667,1
1668,1
1669,1
1670,1
1671,1
1672,1
1673,1
1674,0
1675,1
1676,1
1677,1
1678,1
1679,1
1680,1
1681,1
1682,1
1683,1
1684,1
1685,1
1686,1
1687,1
1688,0
1689,1
1690,1
1691,1
1692,1
1693,1
1694,1
1695,1
1696,1
1697,1
1698,0
1699,0
1700,0
1701,1
1702,1
1703,0
1704,1
1705,1
1706,0
1707,0
1708,1
1709,1
1710,1
1711,1
1712,1
1713,1
1714,1
1715,1
1716,1
1717,1
1718,1
1719,1
1720,1
1721,1
1722,1
1723,1
1724,1
1725,1
1726,1
1727,1
1728,1
1729,1
1730,1
1731,1
1732,1
1733,1
1734,1
1735,1
1736,1
1737,1
1738,1
1739,1
1740,1
1741,1
1742,1
1743,1
1744,1
1745,1
1746,1
1747,1
1748,1
1749,1
1750,1
1751,1
1752,1
1753,1
1754,1
1755,1
1756,1
1757,1
1758,1
1759,1
1760,1
1761,1
1762,0
1763,1
1764,1
1765,1
1766,1
1767,1
1768,1
1769,1
1770,1
1771,0
1772,1
1773,1
1774,1
1775,1
1776,1
1777,0
1778,1
1779,1
1780,1
1781,1
1782,1
1783,1
1784,0
1785,1
1786,1
1787,1
1788,0
1789,1
1790,1
1791,1
1792,1
1793,0
1794,1
1795,1
1796,1
1797,0
1798,0
1799,1
1800,1
1801,1
1802,1
1803,0
1804,1
1805,1
1806,1
1807,0
1808,1
1809,1
1810,1
1811,1
1812,1
1813,1
1814,0
1815,0
1816,1
1817,1
1818,1
1819,1
1820,1
1821,1
1822,1
1823,1
1824,1
1825,1
1826,1
1827,0
1828,0
1829,1
1830,1
1831,1
1832,1
1833,1
1834,1
1835,1
1836,1
1837,1
1838,1
1839,1
1840,0
1841,0
1842,1
1843,1
1844,1
1845,1
1846,1
1847,1
1848,1
1849,1
1850,1
1851,1
1852,1
1853,0
1854,1
1855,1
1856,1
1857,1
1858,1
1859,1
1860,1
1861,1
1862,1
1863,1
1864,1
1865,1
1866,1
1867,1
1868,1
1869,1
1870,1
1871,1
1872,1
1873,1
1874,1
1875,1
1876,1
1877,0
1878,1
1879,1
1880,1
1881,1
1882,1
1883,1
1884,1
1885,1
1886,1
1887,1
1888,1
1889,1
1890,1
1891,1
1892,1
1893,1
1894,1
1895,1
1896,1
1897,1
1898,1
1899,1
1900,0
1901,1
1902,0
1903,0
1904,1
1905,1
1906,1
1907,0
1908,1
1909,1
1910,0
1911,1
1912,1
1913,1
1914,1
1915,1
1916,1
1917,1
1918,1
1919,1
1920,0
1921,1
1922,1
1923,1
1924,1
1925,1
1926,1
1927,1
1928,1
1929,1
1930,0
1931,0
1932,0
1933,1
1934,0
1935,0
1936,1
1937,1
1938,1
1939,1
1940,1
1941,1
1942,1
1943,1
1944,1
1945,1
1946,1
1947,1
1948,1
1949,1
1950,1
1951,1
1952,1
1953,1
1954,1
1955,1
1956,1
1957,1
1958,1
1959,1
1960,1
1961,1
1962,1
1963,1
1964,1
1965,1
1966,1
1967,1
1968,1
1969,1
1970,1
1971,1
1972,1
1973,1
1974,1
1975,1
1976,1
1977,1
1978,1
1979,1
1980,1
1981,1
1982,1
1983,1
1984,1
1985,1
1986,1
1987,0
1988,1
1989,1
1990,1
1991,1
1992,1
1993,1
1994,1
1995,1
1996,1
1997,1
1998,0
1999,1
2000,1
2001,0
2002,1
2003,1
2004,0
2005,0
2006,0
2007,0
2008,1
2009,0
2010,0
2011,0
2012,1
2013,0
2014,1
2015,1
2016,0
2017,1
2018,0
2019,1
2020,1
2021,1
2022,1
2023,1
2024,0
2025,1
2026,1
2027,0
2028,1
2029,0
2030,1
2031,1
2032,1
2033,1
2034,1
2035,1
2036,1
2037,1
2038,1
2039,1
2040,1
2041,1
2042,1
2043,1
2044,1
2045,1
2046,1
2047,1
2048,1
2049,1
2050,1
2051,1
2052,1
2053,1
2054,1
2055,1
2056,1
2057,1
2058,1
2059,1
2060,0
2061,1
2062,0
2063,1
2064,1
2065,1
2066,1
2067,1
2068,1
2069,1
2070,1
2071,1
2072,1
2073,1
2074,1
2075,1
2076,1
2077,1
2078,1
2079,1
2080,1
2081,1
2082,1
2083,1
2084,1
2085,1
2086,1
2087,1
2088,0
2089,1
2090,1
2091,1
2092,1
2093,1
2094,1
2095,1
2096,1
2097,1
2098,1
2099,1
2100,0
2101,1
2102,1
2103,1
2104,1
2105,0
2106,1
2107,1
2108,1
2109,1
2110,1
2111,1
2112,1
2113,1
2114,1
2115,1
2116,1
2117,1
2118,1
2119,1
2120,1
2121,1
2122,1
2123,1
2124,1
2125,0
2126,1
2127,0
2128,0
2129,1
2130,0
2131,1
2132,1
2133,1
2134,0
2135,1
2136,1
2137,1
2138,0
2139,1
2140,1
2141,1
2142,0
2143,1
2144,1
2145,1
2146,1
2147,1
2148,1
2149,0
2150,1
2151,1
2152,1
2153,1
2154,0
2155,1
2156,1
2157,1
2158,1
2159,1
2160,1
2161,1
2162,1
2163,1
2164,0
2165,1
2166,1
2167,1
2168,1
2169,1
2170,1
2171,1
2172,1
2173,1
2174,1
2175,1
2176,1
2177,1
2178,1
2179,1
2180,1
2181,1
2182,1
2183,1
2184,1
2185,1
2186,1
2187,1
2188,1
2189,1
2190,1
2191,1
2192,1
2193,1
2194,1
2195,1
2196,1
2197,1
2198,1
2199,1
2200,1
2201,1
2202,1
2203,1
2204,1
2205,1
2206,1
2207,1
2208,1
2209,1
2210,1
2211,1
2212,1
2213,1
2214,1
2215,0
2216,0
2217,1
2218,0
2219,1
2220,1
2221,1
2222,0
2223,1
2224,1
2225,1
2226,1
2227,1
2228,1
2229,0
2230,1
2231,1
2232,1
2233,0
2234,1
2235,1
2236,1
2237,0
2238,1
2239,1
2240,1
2241,0
2242,1
2243,1
2244,1
2245,1
2246,1
2247,0
2248,1
2249,1
2250,1
2251,1
2252,1
2253,1
2254,0
2255,1
2256,1
2257,0
2258,1
2259,1
2260,0
2261,1
2262,1
2263,1
2264,1
2265,1
2266,1
2267,1
2268,1
2269,1
2270,1
2271,1
2272,1
2273,1
2274,1
2275,1
2276,1
2277,1
2278,1
2279,1
2280,1
2281,1
2282,1
2283,1
2284,1
2285,1
2286,1
2287,0
2288,1
2289,1
2290,1
2291,1
2292,1
2293,1
2294,1
2295,1
2296,1
2297,1
2298,1
2299,1
2300,1
2301,1
2302,1
2303,1
2304,1
2305,1
2306,1
2307,1
2308,1
2309,1
2310,1
2311,1
2312,1
2313,1
2314,1
2315,1
2316,1
2317,1
2318,1
2319,1
2320,1
2321,1
2322,1
2323,1
2324,0
2325,0
2326,1
2327,1
2328,0
2329,1
2330,0
2331,1
2332,0
2333,1
2334,1
2335,1
2336,1
2337,1
2338,1
2339,1
2340,1
2341,1
2342,1
2343,1
2344,1
2345,1
2346,1
2347,1
2348,1
2349,1
2350,1
2351,1
2352,0
2353,0
2354,0
2355,1
2356,0
2357,1
2358,1
2359,1
2360,0
2361,1
2362,1
2363,1
2364,0
2365,1
2366,1
2367,1
2368,0
2369,1
2370,1
2371,1
2372,1
2373,1
2374,1
2375,0
2376,1
2377,1
2378,0
2379,0
2380,0
2381,1
2382,0
2383,1
2384,1
2385,1
2386,1
2387,0
2388,0
2389,1
2390,1
2391,1
2392,1
2393,1
2394,0
2395,1
2396,1
2397,1
2398,1
2399,1
2400,1
2401,1
2402,1
2403,1
2404,1
2405,1
2406,1
2407,1
2408,1
2409,1
2410,1
2411,1
2412,1
2413,1
2414,1
2415,0
2416,1
2417,1
2418,1
2419,1
2420,1
2421,1
2422,1
2423,1
2424,1
2425,1
2426,1
2427,1
2428,1
2429,1
2430,1
2431,1
2432,1
2433,0
2434,1
2435,1
2436,1
2437,1
2438,1
2439,1
2440,0
2441,1
2442,1
2443,1
2444,1
2445,1
2446,1
2447,0
2448,1
2449,1
2450,1
2451,1
2452,1
2453,1
2454,1
2455,1
2456,1
2457,0
2458,1
2459,0
2460,1
2461,0
2462,1
2463,0
2464,0
2465,1
2466,1
2467,0
2468,0
2469,0
2470,0
2471,1
2472,1
2473,0
2474,0
2475,0
2476,1
2477,0
2478,1
2479,1
2480,1
2481,1
2482,0
2483,0
2484,1
2485,0
2486,0
2487,1
2488,1
2489,1
2490,1
2491,1
2492,1
2493,1
2494,1
2495,1
2496,1
2497,1
2498,1
2499,1
2500,1
2501,1
2502,1
2503,1
2504,1
2505,1
2506,1
2507,1
2508,1
2509,1
2510,0
2511,1
2512,1
2513,1
2514,1
2515,1
2516,1
2517,1
2518,1
2519,1
2520,1
2521,1
2522,1
2523,1
2524,1
2525,1
2526,1
2527,1
2528,1
2529,1
2530,1
2531,1
2532,0
2533,1
2534,1
2535,1
2536,1
2537,1
2538,1
2539,1
2540,1
2541,1
2542,1
2543,1
2544,1
2545,1
2546,1
2547,1
2548,0
2549,1
2550,1
2551,1
2552,0
2553,1
2554,1
2555,1
2556,1
2557,1
2558,1
2559,1
2560,1
2561,1
2562,1
2563,1
2564,1
2565,1
2566,1
2567,1
2568,1
2569,1
2570,1
2571,1
2572,1
2573,1
2574,1
2575,1
2576,1
2577,1
2578,1
2579,1
2580,1
2581,1
2582,1
2583,1
2584,1
2585,0
2586,1
2587,1
2588,1
2589,1
2590,1
2591,1
2592,0
2593,1
2594,1
2595,0
2596,1
2597,1
2598,1
2599,1
2600,1
2601,0
2602,1
2603,0
2604,1
2605,0
2606,1
2607,0
2608,1
2609,0
2610,1
2611,1
2612,1
2613,1
2614,1
2615,1
2616,0
2617,1
2618,1
2619,1
2620,1
2621,1
2622,1
2623,1
2624,1
2625,1
2626,1
2627,1
2628,1
2629,1
2630,1
2631,1
2632,1
2633,1
2634,1
2635,1
2636,1
2637,1
2638,1
2639,1
2640,1
2641,1
2642,1
2643,1
2644,1
2645,1
2646,1
2647,1
2648,1
2649,1
2650,1
2651,1
2652,1
2653,1
2654,1
2655,1
2656,1
2657,1
2658,1
2659,1
2660,1
2661,0
2662,0
2663,0
2664,1
2665,1
2666,0
2667,1
2668,1
2669,1
2670,0
2671,0
2672,1
2673,0
2674,0
2675,0
2676,1
2677,1
2678,0
2679,0
2680,1
2681,1
2682,0
2683,1
2684,0
2685,0
2686,0
2687,1
2688,1
2689,0
2690,1
2691,1
2692,1
2693,0
2694,1
2695,1
2696,0
2697,1
2698,0
2699,1
2700,1
2701,1
2702,0
2703,1
2704,1
2705,1
2706,1
2707,0
2708,0
2709,0
2710,1
2711,1
2712,1
2713,1
2714,1
2715,1
2716,1
2717,1
2718,1
2719,1
2720,1
2721,1
2722,1
2723,1
2724,1
2725,1
2726,1
2727,1
2728,1
2729,1
2730,1
2731,1
2732,1
2733,1
2734,1
2735,0
2736,1
2737,1
2738,1
2739,1
2740,1
2741,1
2742,1
2743,1
2744,1
2745,1
2746,1
2747,1
2748,1
2749,1
2750,1
2751,1
2752,1
2753,1
2754,1
2755,1
2756,1
2757,1
2758,1
2759,1
2760,1
2761,1
2762,1
2763,1
2764,1
2765,1
2766,0
2767,1
2768,1
2769,1
2770,1
2771,1
2772,1
2773,1
2774,1
2775,1
2776,0
2777,0
2778,1
2779,1
2780,0
2781,1
2782,1
2783,1
2784,0
2785,1
2786,1
2787,1
2788,1
2789,1
2790,0
2791,0
2792,1
2793,1
2794,1
2795,1
2796,1
2797,1
2798,1
2799,1
2800,1
2801,1
2802,1
2803,1
2804,1
2805,1
2806,1
2807,0
2808,1
2809,1
2810,1
2811,1
2812,1
2813,1
2814,1
2815,1
2816,1
2817,1
2818,1
2819,1
2820,1
2821,1
2822,1
2823,0
2824,1
2825,1
2826,1
2827,0
2828,0
2829,1
2830,1
2831,1
2832,1
2833,1
2834,0
2835,1
2836,1
2837,0
2838,0
2839,0
2840,1
2841,1
2842,1
2843,1
2844,1
2845,0
2846,0
2847,1
2848,1
2849,1
2850,1
2851,1
2852,1
2853,1
2854,1
2855,1
2856,1
2857,1
2858,1
2859,1
2860,1
2861,1
2862,1
2863,1
2864,1
2865,1
2866,1
2867,1
2868,1
2869,1
2870,1
2871,1
2872,1
2873,1
2874,1
2875,1
2876,1
2877,1
2878,1
2879,1
2880,1
2881,1
2882,1
2883,1
2884,1
2885,1
2886,1
2887,1
2888,1
2889,1
2890,0
2891,1
2892,0
2893,1
2894,0
2895,1
2896,1
2897,1
2898,1
2899,0
2900,1
2901,1
2902,1
2903,1
2904,0
2905,0
2906,1
2907,1
2908,0
2909,1
2910,1
2911,1
2912,0
2913,0
2914,0
2915,1
2916,1
2917,1
2918,1
2919,1
2920,1
2921,1
2922,1
2923,1
2924,0
2925,0
2926,1
2927,1
2928,1
2929,1
2930,1
2931,1
2932,1
2933,0
2934,0
2935,0
2936,1
2937,1
2938,1
2939,1
2940,1
2941,1
2942,1
2943,1
2944,1
2945,1
2946,0
2947,1
2948,1
2949,1
2950,1
2951,1
2952,1
2953,1
2954,1
2955,1
2956,1
2957,1
2958,1
2959,0
2960,1
2961,1
2962,0
2963,1
2964,1
2965,1
2966,1
2967,1
2968,1
2969,1
2970,1
2971,1
2972,1
2973,1
2974,1
2975,1
2976,1
2977,1
2978,1
2979,1
2980,1
2981,0
2982,0
2983,1
2984,1
2985,1
2986,1
2987,1
2988,1
2989,1
2990,1
2991,0
2992,1
2993,1
2994,1
2995,1
2996,1
2997,0
2998,1
2999,1
3000,1
3001,1
3002,0
3003,0
3004,0
3005,1
3006,1
3007,1
3008,1
3009,1
3010,1
3011,1
3012,1
3013,1
3014,1
3015,1
3016,1
3017,1
3018,1
3019,1
3020,1
3021,1
3022,1
3023,1
3024,1
3025,1
3026,0
3027,1
3028,0
3029,1
3030,1
3031,1
3032,0
3033,1
3034,1
3035,1
3036,1
3037,0
3038,1
3039,1
3040,1
3041,1
3042,1
3043,1
3044,1
3045,1
3046,0
3047,1
3048,1
3049,1
3050,1
3051,1
3052,1
3053,1
3054,1
3055,1
3056,1
3057,1
3058,0
3059,1
3060,1
3061,1
3062,1
3063,1
3064,1
3065,0
3066,0
3067,1
3068,0
3069,0
3070,1
3071,1
3072,0
3073,0
3074,1
3075,1
3076,1
3077,1
3078,1
3079,1
3080,1
3081,1
3082,1
3083,1
3084,0
3085,1
3086,1
3087,1
3088,1
3089,1
3090,1
3091,1
3092,1
3093,1
3094,1
3095,1
3096,1
3097,1
3098,1
3099,1
3100,1
3101,1
3102,1
3103,1
3104,1
3105,1
3106,1
3107,1
3108,1
3109,1
3110,1
3111,0
3112,1
3113,0
3114,0
3115,1
3116,0
3117,1
3118,1
3119,1
3120,1
3121,0
3122,1
3123,1
3124,1
3125,1
3126,1
3127,1
3128,1
3129,1
3130,1
3131,1
3132,0
3133,0
3134,0
3135,0
3136,1
3137,1
3138,0
3139,0
3140,0
3141,1
3142,1
3143,0
3144,1
3145,0
3146,1
3147,1
3148,0
3149,1
3150,1
3151,1
3152,1
3153,1
3154,1
3155,0
3156,0
3157,1
3158,0
3159,0
3160,1
3161,0
3162,1
3163,1
3164,1
3165,1
3166,1
3167,1
3168,1
3169,1
3170,1
3171,1
3172,1
3173,1
3174,1
3175,1
3176,1
3177,1
3178,1
3179,1
3180,1
3181,1
3182,1
3183,1
3184,1
3185,1
3186,1
3187,1
3188,1
3189,1
3190,1
3191,1
3192,1
3193,1
3194,1
3195,1
3196,1
3197,1
3198,1
3199,1
3200,1
3201,1
3202,1
3203,1
3204,1
3205,1
3206,1
3207,0
3208,1
3209,1
3210,1
3211,1
3212,1
3213,1
3214,1
3215,1
3216,1
3217,1
3218,1
3219,1
3220,1
3221,1
3222,1
3223,1
3224,1
3225,1
3226,0
3227,0
3228,0
3229,1
3230,1
3231,0
3232,0
3233,1
3234,1
3235,1
3236,1
3237,1
3238,1
3239,1
3240,0
3241,1
3242,1
3243,1
3244,1
3245,1
3246,1
3247,1
3248,1
3249,1
3250,1
3251,1
3252,1
3253,1
3254,1
3255,1
3256,1
3257,1
3258,1
3259,1
3260,1
3261,0
3262,1
3263,1
3264,0
3265,0
3266,1
3267,1
3268,1
3269,1
3270,1
3271,1
3272,0
3273,1
3274,1
3275,1
3276,0
3277,1
3278,1
3279,1
3280,1
3281,0
3282,1
3283,1
3284,1
3285,1
3286,1
3287,1
3288,0
3289,1
3290,1
3291,1
3292,1
3293,0
3294,0
3295,0
3296,1
3297,0
3298,1
3299,1
3300,1
3301,1
3302,1
3303,1
3304,1
3305,1
3306,1
3307,1
3308,1
3309,1
3310,1
3311,1
3312,1
3313,1
3314,1
3315,1
3316,1
3317,1
3318,1
3319,1
3320,1
3321,1
3322,1
3323,1
3324,1
3325,1
3326,1
3327,0
3328,1
3329,1
3330,1
3331,1
3332,1
3333,1
3334,0
3335,1
3336,1
3337,0
3338,0
3339,0
3340,0
3341,1
3342,0
3343,1
3344,1
3345,1
3346,1
3347,0
3348,0
3349,1
3350,1
3351,1
3352,0
3353,1
3354,1
3355,1
3356,0
3357,0
3358,1
3359,0
3360,1
3361,1
3362,0
3363,0
3364,0
3365,1
3366,0
3367,0
3368,1
3369,1
3370,0
3371,1
3372,1
3373,0
3374,1
3375,1
3376,1
3377,1
3378,1
3379,0
3380,1
3381,1
3382,1
3383,1
3384,1
3385,1
3386,1
3387,1
3388,1
3389,1
3390,1
3391,1
3392,1
3393,1
3394,1
3395,1
3396,1
3397,1
3398,1
3399,1
3400,1
3401,1
3402,0
3403,1
3404,1
3405,1
3406,1
3407,1
3408,1
3409,1
3410,1
3411,1
3412,1
3413,1
3414,1
3415,1
3416,1
3417,1
3418,1
3419,1
3420,1
3421,1
3422,1
3423,1
3424,1
3425,1
3426,1
3427,1
3428,1
3429,1
3430,1
3431,1
3432,1
3433,1
3434,1
3435,1
3436,1
3437,1
3438,1
3439,1
3440,1
3441,1
3442,1
3443,1
3444,1
3445,1
3446,1
3447,1
3448,1
3449,1
3450,1
3451,0
3452,0
3453,0
3454,1
3455,1
3456,0
3457,0
3458,1
3459,0
3460,1
3461,1
3462,0
3463,1
3464,1
3465,1
3466,1
3467,1
3468,0
3469,1
3470,1
3471,1
3472,0
3473,1
3474,1
3475,0
3476,1
3477,1
3478,1
3479,0
3480,1
3481,1
3482,1
3483,1
3484,0
3485,1
3486,0
3487,1
3488,1
3489,1
3490,1
3491,1
3492,1
3493,0
3494,0
3495,1
3496,0
3497,1
3498,0
3499,1
3500,1
3501,0
3502,1
3503,1
3504,1
3505,0
3506,1
3507,0
3508,1
3509,0
3510,1
3511,1
3512,1
3513,1
3514,1
3515,1
3516,1
3517,1
3518,1
3519,1
3520,1
3521,1
3522,1
3523,1
3524,1
3525,1
3526,1
3527,1
3528,1
3529,1
3530,1
3531,1
3532,1
3533,1
3534,1
3535,1
3536,1
3537,1
3538,1
3539,1
3540,1
3541,1
3542,1
3543,1
3544,1
3545,1
3546,1
3547,1
3548,1
3549,1
3550,1
3551,1
3552,1
3553,1
3554,1
3555,1
3556,1
3557,0
3558,1
3559,1
3560,1
3561,1
3562,1
3563,1
3564,1
3565,0
3566,1
3567,1
3568,1
3569,1
3570,1
3571,1
3572,1
3573,0
3574,1
3575,0
3576,0
3577,1
3578,1
3579,1
3580,1
3581,1
3582,1
3583,1
3584,1
3585,1
3586,1
3587,1
3588,1
3589,1
3590,1
3591,0
3592,0
3593,1
3594,0
3595,0
3596,1
3597,1
3598,1
3599,0
3600,0
3601,1
3602,1
3603,0
3604,1
3605,1
3606,1
3607,1
3608,0
3609,1
3610,1
3611,1
3612,1
3613,1
3614,1
3615,1
3616,1
3617,1
3618,1
3619,1
3620,1
3621,1
3622,1
3623,1
3624,0
3625,1
3626,0
3627,0
3628,1
3629,1
3630,1
3631,1
3632,1
3633,1
3634,1
3635,1
3636,1
3637,1
3638,1
3639,1
3640,1
3641,1
3642,1
3643,1
3644,1
3645,1
3646,1
3647,1
3648,1
3649,1
3650,1
3651,1
3652,1
3653,1
3654,1
3655,1
3656,1
3657,1
3658,1
3659,1
3660,1
3661,1
3662,1
3663,1
3664,1
3665,1
3666,1
3667,1
3668,1
3669,1
3670,1
3671,1
3672,1
3673,0
3674,0
3675,0
3676,1
3677,1
3678,1
3679,0
3680,0
3681,0
3682,0
3683,1
3684,1
3685,0
3686,1
3687,0
3688,1
3689,0
3690,1
3691,1
3692,1
3693,1
3694,0
3695,1
3696,1
3697,1
3698,1
3699,1
3700,1
3701,1
3702,1
3703,1
3704,0
3705,1
3706,1
3707,1
3708,1
3709,1
3710,1
3711,1
3712,1
3713,1
3714,0
3715,1
3716,1
3717,0
3718,1
3719,1
3720,1
3721,1
3722,1
3723,1
3724,1
3725,1
3726,0
3727,1
3728,1
3729,1
3730,0
3731,0
3732,0
3733,1
3734,1
3735,1
3736,1
3737,1
3738,1
3739,1
3740,1
3741,1
3742,1
3743,1
3744,1
3745,1
3746,1
3747,1
3748,1
3749,1
3750,1
3751,1
3752,1
3753,1
3754,1
3755,1
3756,1
3757,1
3758,1
3759,1
3760,1
3761,1
3762,1
3763,1
3764,1
3765,1
3766,1
3767,1
3768,1
3769,1
3770,1
3771,1
3772,1
3773,1
3774,1
3775,1
3776,1
3777,1
3778,1
3779,1
3780,1
3781,0
3782,0
3783,1
3784,0
3785,0
3786,1
3787,1
3788,1
3789,1
3790,1
3791,1
3792,0
3793,1
3794,1
3795,1
3796,1
3797,1
3798,1
3799,1
3800,1
3801,1
3802,0
3803,1
3804,1
3805,0
3806,0
3807,1
3808,0
3809,1
3810,1
3811,0
3812,0
3813,1
3814,1
3815,1
3816,0
3817,1
3818,1
3819,1
3820,0
3821,1
3822,1
3823,0
3824,0
3825,1
3826,1
3827,1
3828,0
3829,1
3830,1
3831,1
3832,0
3833,0
3834,1
3835,1
3836,1
3837,1
3838,1
3839,1
3840,1
3841,1
3842,1
3843,1
3844,1
3845,1
3846,1
3847,1
3848,1
3849,1
3850,0
3851,0
3852,0
3853,1
3854,1
3855,1
3856,1
3857,1
3858,1
3859,1
3860,1
3861,1
3862,1
3863,1
3864,1
3865,1
3866,1
3867,1
3868,1
3869,1
3870,1
3871,1
3872,1
3873,1
3874,1
3875,1
3876,1
3877,1
3878,1
3879,1
3880,1
3881,1
3882,1
3883,1
3884,1
3885,0
3886,1
3887,1
3888,1
3889,1
3890,1
3891,1
3892,1
3893,1
3894,1
3895,1
3896,1
3897,1
3898,1
3899,1
3900,1
3901,1
3902,1
3903,1
3904,1
3905,1
3906,0
3907,1
3908,0
3909,1
3910,1
3911,1
3912,1
3913,1
3914,1
3915,0
3916,1
3917,1
3918,1
3919,1
3920,0
3921,1
3922,1
3923,1
3924,1
3925,0
3926,1
3927,1
3928,1
3929,0
3930,0
3931,1
3932,1
3933,1
3934,1
3935,0
3936,1
3937,1
3938,1
3939,1
3940,1
3941,1
3942,1
3943,1
3944,1
3945,1
3946,1
3947,1
3948,0
3949,1
3950,1
3951,1
3952,1
3953,1
3954,0
3955,1
3956,0
3957,1
3958,1
3959,0
3960,1
3961,0
3962,1
3963,1
3964,1
3965,1
3966,1
3967,1
3968,1
3969,1
3970,1
3971,1
3972,1
3973,1
3974,1
3975,1
3976,1
3977,1
3978,1
3979,1
3980,1
3981,1
3982,1
3983,1
3984,1
3985,1
3986,1
3987,1
3988,1
3989,1
3990,1
3991,1
3992,1
3993,1
3994,1
3995,1
3996,1
3997,1
3998,1
3999,1
4000,1
4001,1
4002,1
4003,1
4004,1
4005,1
4006,1
4007,0
4008,1
4009,1
4010,1
4011,0
4012,0
4013,1
4014,1
4015,0
4016,1
4017,1
4018,1
4019,1
4020,1
4021,0
4022,1
4023,1
4024,1
4025,1
4026,1
4027,0
4028,0
4029,1
4030,1
4031,1
4032,1
4033,0
4034,0
4035,1
4036,1
4037,1
4038,1
4039,1
4040,1
4041,1
4042,0
4043,1
4044,1
4045,1
4046,0
4047,1
4048,1
4049,1
4050,1
4051,1
4052,1
4053,1
4054,1
4055,1
4056,1
4057,1
4058,0
4059,1
4060,1
4061,1
4062,1
4063,1
4064,1
4065,1
4066,1
4067,1
4068,1
4069,1
4070,1
4071,1
4072,1
4073,1
4074,1
4075,0
4076,0
4077,1
4078,1
4079,1
4080,0
4081,1
4082,1
4083,1
4084,1
4085,1
4086,1
4087,1
4088,1
4089,1
4090,1
4091,1
4092,1
4093,1
4094,1
4095,1
4096,1
4097,1
4098,1
4099,1
4100,1
4101,1
4102,1
4103,1
4104,1
4105,1
4106,1
4107,1
4108,1
4109,1
4110,1
4111,0
4112,1
4113,1
4114,1
4115,1
4116,1
4117,1
4118,1
4119,1
4120,1
4121,1
4122,0
4123,1
4124,1
4125,1
4126,1
4127,1
4128,1
4129,0
4130,1
4131,0
4132,0
4133,1
4134,1
4135,0
4136,1
4137,1
4138,1
4139,1
4140,1
4141,1
4142,1
4143,1
4144,1
4145,1
4146,1
4147,1
4148,1
4149,1
4150,1
4151,1
4152,1
4153,1
4154,1
4155,1
4156,1
4157,1
4158,1
4159,0
4160,1
4161,1
4162,1
4163,1
4164,1
4165,1
4166,1
4167,1
4168,1
4169,1
4170,0
4171,1
4172,1
4173,1
4174,0
4175,1
4176,1
4177,1
4178,0
4179,1
4180,1
4181,1
4182,1
4183,1
4184,1
4185,0
4186,0
4187,1
4188,1
4189,1
4190,1
4191,1
4192,1
4193,1
4194,1
4195,1
4196,1
4197,1
4198,1
4199,1
4200,1
4201,1
4202,1
4203,1
4204,1
4205,1
4206,1
4207,1
4208,1
4209,1
4210,1
4211,1
4212,1
4213,1
4214,1
4215,1
4216,1
4217,1
4218,1
4219,1
4220,1
4221,1
4222,1
4223,1
4224,1
4225,1
4226,1
4227,1
4228,0
4229,0
4230,1
4231,1
4232,1
4233,1
4234,0
4235,0
4236,1
4237,1
4238,1
4239,1
4240,0
4241,1
4242,1
4243,1
4244,1
4245,1
4246,1
4247,0
4248,1
4249,1
4250,1
4251,0
4252,1
4253,1
4254,1
4255,1
4256,0
4257,1
4258,1
4259,0
4260,1
4261,1
4262,0
4263,1
4264,1
4265,1
4266,1
4267,1
4268,1
4269,1
4270,1
4271,1
4272,1
4273,1
4274,1
4275,1
4276,1
4277,1
4278,1
4279,1
4280,1
4281,0
4282,1
4283,0
4284,1
4285,1
4286,1
4287,1
4288,1
4289,1
4290,1
4291,1
4292,0
4293,1
4294,1
4295,1
4296,1
4297,1
4298,1
4299,0
4300,0
4301,1
4302,1
4303,1
4304,1
4305,1
4306,1
4307,1
4308,1
4309,1
4310,1
4311,1
4312,1
4313,1
4314,1
4315,1
4316,1
4317,1
4318,1
4319,1
4320,1
4321,1
4322,1
4323,1
4324,1
4325,1
4326,1
4327,1
4328,1
4329,1
4330,1
4331,1
4332,1
4333,1
4334,1
4335,1
4336,1
4337,1
4338,1
4339,1
4340,1
4341,1
4342,1
4343,1
4344,1
4345,1
4346,1
4347,1
4348,0
4349,1
4350,0
4351,1
4352,1
4353,1
4354,1
4355,1
4356,0
4357,0
4358,1
4359,1
4360,0
4361,1
4362,0
4363,0
4364,1
4365,1
4366,1
4367,1
4368,0
4369,1
4370,1
4371,0
4372,1
4373,1
4374,1
4375,1
4376,1
4377,1
4378,1
4379,1
4380,1
4381,1
4382,1
4383,1
4384,1
4385,1
4386,1
4387,1
4388,1
4389,1
4390,1
4391,1
4392,1
4393,1
4394,1
4395,1
4396,0
4397,1
4398,1
4399,1
4400,0
4401,1
4402,0
4403,1
4404,1
4405,0
4406,1
4407,1
4408,1
4409,1
4410,1
4411,1
4412,1
4413,1
4414,1
4415,1
4416,1
4417,1
4418,0
4419,1
4420,1
4421,1
4422,1
4423,1
4424,1
4425,1
4426,1
4427,1
4428,1
4429,1
4430,1
4431,1
4432,1
4433,1
4434,1
4435,1
4436,1
4437,1
4438,1
4439,1
4440,1
4441,1
4442,1
4443,1
4444,1
4445,1
4446,1
4447,1
4448,1
4449,1
4450,1
4451,1
4452,1
4453,1
4454,1
4455,1
4456,1
4457,1
4458,1
4459,1
4460,1
4461,1
4462,1
4463,0
4464,1
4465,1
4466,0
4467,0
4468,1
4469,1
4470,1
4471,1
4472,1
4473,1
4474,1
4475,1
4476,1
4477,1
4478,1
4479,1
4480,1
4481,0
4482,1
4483,0
4484,0
4485,1
4486,0
4487,0
4488,1
4489,1
4490,1
4491,1
4492,1
4493,0
4494,1
4495,0
4496,1
4497,0
4498,1
4499,0
4500,1
4501,1
4502,1
4503,0
4504,1
4505,0
4506,0
4507,0
4508,0
4509,0
4510,1
4511,1
4512,1
4513,1
4514,1
4515,1
4516,1
4517,0
4518,0
4519,1
4520,0
4521,1
4522,1
4523,1
4524,1
4525,1
4526,1
4527,1
4528,1
4529,1
4530,1
4531,1
4532,1
4533,1
4534,1
4535,1
4536,1
4537,1
4538,1
4539,1
4540,1
4541,1
4542,1
4543,1
4544,1
4545,1
4546,1
4547,1
4548,1
4549,1
4550,1
4551,1
4552,1
4553,1
4554,1
4555,1
4556,1
4557,1
4558,1
4559,1
4560,1
4561,1
4562,1
4563,1
4564,1
4565,1
4566,1
4567,1
4568,1
4569,1
4570,1
4571,0
4572,1
4573,0
4574,0
4575,0
4576,1
4577,1
4578,0
4579,0
4580,0
4581,0
4582,0
4583,0
4584,1
4585,1
4586,1
4587,0
4588,1
4589,0
4590,0
4591,1
4592,1
4593,1
4594,1
4595,1
4596,1
4597,1
4598,1
4599,0
4600,1
4601,1
4602,1
4603,1
4604,1
4605,1
4606,1
4607,1
4608,1
4609,1
4610,1
4611,1
4612,1
4613,0
4614,1
4615,1
4616,1
4617,1
4618,1
4619,1
4620,1
4621,1
4622,0
4623,1
4624,1
4625,1
4626,1
4627,1
4628,1
4629,1
4630,1
4631,1
4632,0
4633,1
4634,1
4635,1
4636,1
4637,1
4638,1
4639,1
4640,1
4641,1
4642,1
4643,1
4644,0
4645,1
4646,1
4647,1
4648,1
4649,1
4650,1
4651,1
4652,1
4653,1
4654,1
4655,1
4656,1
4657,1
4658,1
4659,1
4660,1
4661,1
4662,1
4663,1
4664,1
4665,1
4666,1
4667,1
4668,1
4669,1
4670,1
4671,1
4672,1
4673,1
4674,1
4675,1
4676,1
4677,1
4678,1
4679,1
4680,1
4681,1
4682,1
4683,1
4684,0
4685,1
4686,1
4687,1
4688,1
4689,1
4690,1
4691,0
4692,1
4693,1
4694,1
4695,1
4696,0
4697,0
4698,0
4699,1
4700,1
4701,1
4702,0
4703,0
4704,1
4705,1
4706,0
4707,1
4708,1
4709,0
4710,1
4711,1
4712,1
4713,1
4714,1
4715,1
4716,1
4717,1
4718,1
4719,1
4720,1
4721,1
4722,1
4723,1
4724,1
4725,1
4726,1
4727,1
4728,0
4729,0
4730,0
4731,0
4732,1
4733,0
4734,0
4735,1
4736,0
4737,1
4738,1
4739,1
4740,1
4741,1
4742,1
4743,1
4744,0
4745,1
4746,1
4747,1
4748,1
4749,1
4750,1
4751,1
4752,1
4753,1
4754,1
4755,1
4756,1
4757,1
4758,1
4759,1
4760,1
4761,1
4762,1
4763,1
4764,1
4765,1
4766,1
4767,1
4768,1
4769,1
4770,1
4771,1
4772,1
4773,1
4774,1
4775,1
4776,1
4777,1
4778,1
4779,1
4780,1
4781,1
4782,1
4783,1
4784,1
4785,1
4786,1
4787,1
4788,1
4789,1
4790,1
4791,1
4792,0
4793,0
4794,1
4795,1
4796,1
4797,1
4798,0
4799,0
4800,0
4801,0
4802,1
4803,0
4804,1
4805,0
4806,0
4807,0
4808,1
4809,0
4810,1
4811,1
4812,1
4813,1
4814,1
4815,0
4816,0
4817,1
4818,1
4819,1
4820,0
4821,1
4822,1
4823,1
4824,0
4825,1
4826,1
4827,1
4828,1
4829,1
4830,1
4831,1
4832,1
4833,1
4834,1
4835,1
4836,1
4837,1
4838,1
4839,0
4840,1
4841,1
4842,1
4843,1
4844,1
4845,1
4846,1
4847,1
4848,1
4849,1
4850,1
4851,1
4852,1
4853,1
4854,1
4855,1
4856,1
4857,1
4858,1
4859,1
4860,1
4861,1
4862,1
4863,1
4864,1
4865,1
4866,1
4867,1
4868,0
4869,1
4870,1
4871,1
4872,1
4873,1
4874,1
4875,1
4876,1
4877,1
4878,1
4879,1
4880,1
4881,1
4882,1
4883,1
4884,1
4885,1
4886,1
4887,1
4888,1
4889,1
4890,1
4891,1
4892,1
4893,1
4894,1
4895,1
4896,1
4897,1
4898,1
4899,1
4900,1
4901,1
4902,1
4903,1
4904,1
4905,1
4906,1
4907,0
4908,0
4909,1
4910,0
4911,1
4912,1
4913,1
4914,0
4915,1
4916,1
4917,0
4918,1
4919,0
4920,1
4921,1
4922,1
4923,1
4924,1
4925,1
4926,1
4927,1
4928,1
4929,1
4930,1
4931,1
4932,0
4933,1
4934,1
4935,0
4936,1
4937,0
4938,0
4939,0
4940,1
4941,1
4942,1
4943,1
4944,1
4945,1
4946,1
4947,1
4948,1
4949,0
4950,1
4951,1
4952,0
4953,0
4954,0
4955,0
4956,0
4957,0
4958,0
4959,0
4960,1
4961,0
4962,0
4963,1
4964,1
4965,1
4966,1
4967,1
4968,1
4969,1
4970,1
4971,1
4972,1
4973,1
4974,1
4975,1
4976,1
4977,1
4978,1
4979,1
4980,1
4981,1
4982,1
4983,1
4984,1
4985,1
4986,1
4987,1
4988,1
4989,0
4990,1
4991,1
4992,1
4993,1
4994,1
4995,1
4996,1
4997,1
4998,1
4999,1
5000,1
5001,1
5002,1
5003,1
5004,1
5005,1
5006,1
5007,1
5008,1
5009,1
5010,1
5011,1
5012,0
5013,1
5014,1
5015,1
5016,0
5017,0
5018,0
5019,1
5020,1
5021,1
5022,1
5023,1
5024,0
5025,1
5026,0
5027,0
5028,1
5029,1
5030,0
5031,0
5032,1
5033,1
5034,1
5035,1
5036,1
5037,1
5038,1
5039,0
5040,1
5041,1
5042,0
5043,1
5044,1
5045,1
5046,1
5047,0
5048,1
5049,1
5050,1
5051,1
5052,1
5053,1
5054,1
5055,1
5056,1
5057,1
5058,1
5059,1
5060,1
5061,1
5062,0
5063,1
5064,1
5065,1
5066,1
5067,1
5068,1
5069,1
5070,1
5071,1
5072,1
5073,0
5074,0
5075,0
5076,1
5077,1
5078,1
5079,1
5080,1
5081,1
5082,1
5083,1
5084,1
5085,1
5086,1
5087,1
5088,1
5089,1
5090,1
5091,1
5092,1
5093,0
5094,1
5095,1
5096,1
5097,1
5098,1
5099,1
5100,1
5101,1
5102,1
5103,1
5104,1
5105,1
5106,1
5107,1
5108,1
5109,1
5110,1
5111,1
5112,1
5113,1
5114,1
5115,1
5116,1
5117,1
5118,1
5119,1
5120,1
5121,1
5122,1
5123,1
5124,1
5125,1
5126,1
5127,0
5128,1
5129,1
5130,1
5131,1
5132,1
5133,1
5134,1
5135,1
5136,1
5137,0
5138,1
5139,1
5140,0
5141,0
5142,0
5143,0
5144,1
5145,0
5146,1
5147,1
5148,1
5149,0
5150,1
5151,1
5152,1
5153,1
5154,1
5155,1
5156,0
5157,0
5158,0
5159,1
5160,1
5161,0
5162,1
5163,1
5164,1
5165,0
5166,1
5167,1
5168,1
5169,0
5170,1
5171,1
5172,1
5173,0
5174,1
5175,1
5176,1
5177,1
5178,1
5179,0
5180,1
5181,1
5182,0
5183,0
5184,1
5185,0
5186,0
5187,0
5188,1
5189,1
5190,0
5191,0
5192,1
5193,1
5194,1
5195,1
5196,1
5197,1
5198,1
5199,1
5200,1
5201,1
5202,1
5203,1
5204,1
5205,1
5206,1
5207,1
5208,1
5209,0
5210,1
5211,1
5212,1
5213,1
5214,1
5215,1
5216,1
5217,1
5218,1
5219,1
5220,1
5221,1
5222,1
5223,1
5224,1
5225,1
5226,1
5227,1
5228,1
5229,1
5230,1
5231,1
5232,1
5233,1
5234,1
5235,1
5236,1
5237,1
5238,0
5239,1
5240,1
5241,0
5242,1
5243,1
5244,1
5245,1
5246,1
5247,1
5248,1
5249,1
5250,1
5251,0
5252,0
5253,1
5254,1
5255,1
5256,0
5257,1
5258,1
5259,0
5260,1
5261,1
5262,1
5263,1
5264,0
5265,1
5266,1
5267,0
5268,1
5269,0
5270,1
5271,1
5272,1
5273,0
5274,1
5275,0
5276,1
5277,1
5278,1
5279,1
5280,1
5281,1
5282,1
5283,1
5284,1
5285,1
5286,1
5287,1
5288,1
5289,1
5290,1
5291,1
5292,1
5293,1
5294,0
5295,1
5296,1
5297,1
5298,1
5299,1
5300,0
5301,1
5302,1
5303,1
5304,0
5305,1
5306,1
5307,1
5308,1
5309,1
5310,1
5311,1
5312,1
5313,1
5314,1
5315,1
5316,1
5317,1
5318,1
5319,0
5320,1
5321,1
5322,1
5323,1
5324,1
5325,1
5326,1
5327,1
5328,1
5329,1
5330,1
5331,1
5332,1
5333,1
5334,1
5335,1
5336,1
5337,1
5338,1
5339,1
5340,1
5341,1
5342,1
5343,1
5344,1
5345,1
5346,1
5347,1
5348,1
5349,0
5350,1
5351,1
5352,1
5353,1
5354,1
5355,1
5356,1
5357,1
5358,1
5359,1
5360,1
5361,0
5362,0
5363,1
5364,1
5365,0
5366,0
5367,1
5368,1
5369,1
5370,1
5371,1
5372,1
5373,0
5374,1
5375,1
5376,0
5377,1
5378,0
5379,1
5380,1
5381,1
5382,0
5383,1
5384,1
5385,1
5386,1
5387,1
5388,1
5389,1
5390,0
5391,1
5392,1
5393,0
5394,1
5395,1
5396,1
5397,1
5398,1
5399,1
5400,1
5401,1
5402,1
5403,1
5404,1
5405,1
5406,1
5407,0
5408,1
5409,1
5410,1
5411,1
5412,0
5413,1
5414,1
5415,0
5416,0
5417,0
5418,0
5419,1
5420,1
5421,1
5422,1
5423,1
5424,1
5425,1
5426,1
5427,1
5428,1
5429,1
5430,1
5431,1
5432,1
5433,1
5434,0
5435,1
5436,1
5437,1
5438,1
5439,1
5440,1
5441,1
5442,1
5443,1
5444,1
5445,1
5446,0
5447,0
5448,1
5449,1
5450,1
5451,1
5452,1
5453,1
5454,1
5455,1
5456,1
5457,1
5458,1
5459,1
5460,1
5461,1
5462,1
5463,1
5464,1
5465,1
5466,1
5467,1
5468,1
5469,1
5470,1
5471,1
5472,1
5473,1
5474,1
5475,1
5476,1
5477,0
5478,1
5479,1
5480,1
5481,1
5482,0
5483,1
5484,1
5485,0
5486,1
5487,1
5488,1
5489,1
5490,1
5491,1
5492,1
5493,1
5494,1
5495,1
5496,1
5497,1
5498,1
5499,1
5500,1
5501,1
5502,0
5503,1
5504,1
5505,1
5506,1
5507,0
5508,0
5509,1
5510,1
5511,1
5512,1
5513,1
5514,1
5515,1
5516,1
5517,0
5518,1
5519,1
5520,1
5521,1
5522,0
5523,0
5524,1
5525,1
5526,1
5527,0
5528,0
5529,0
5530,0
5531,1
5532,1
5533,1
5534,1
5535,1
5536,1
5537,1
5538,1
5539,1
5540,1
5541,1
5542,0
5543,1
5544,1
5545,0
5546,1
5547,1
5548,1
5549,1
5550,1
5551,1
5552,1
5553,1
5554,1
5555,1
5556,1
5557,1
5558,1
5559,1
5560,1
5561,1
5562,1
5563,1
5564,1
5565,1
5566,1
5567,1
5568,1
5569,1
5570,1
5571,1
5572,1
5573,1
5574,1
5575,1
5576,1
5577,1
5578,1
5579,1
5580,1
5581,1
5582,1
5583,1
5584,1
5585,1
5586,1
5587,0
5588,1
5589,1
5590,1
5591,1
5592,0
5593,1
5594,1
5595,0
5596,1
5597,0
5598,0
5599,0
5600,0
5601,1
5602,1
5603,1
5604,1
5605,1
5606,1
5607,0
5608,1
5609,1
5610,0
5611,0
5612,1
5613,1
5614,1
5615,0
5616,1
5617,1
5618,1
5619,1
5620,1
5621,1
5622,1
5623,0
5624,1
5625,1
5626,1
5627,1
5628,1
5629,1
5630,1
5631,1
5632,1
5633,1
5634,1
5635,1
5636,1
5637,0
5638,0
5639,0
5640,0
5641,1
5642,0
5643,0
5644,0
5645,1
5646,1
5647,1
5648,1
5649,1
5650,1
5651,1
5652,1
5653,1
5654,1
5655,1
5656,1
5657,1
5658,1
5659,0
5660,1
5661,1
5662,1
5663,0
5664,0
5665,1
5666,1
5667,1
5668,1
5669,0
5670,1
5671,1
5672,1
5673,1
5674,1
5675,1
5676,1
5677,1
5678,1
5679,1
5680,1
5681,1
5682,1
5683,1
5684,1
5685,0
5686,1
5687,1
5688,1
5689,1
5690,1
5691,1
5692,1
5693,0
5694,1
5695,1
5696,1
5697,1
5698,1
5699,0
5700,1
5701,0
5702,1
5703,1
5704,1
5705,1
5706,1
5707,1
5708,1
5709,1
5710,1
5711,1
5712,1
5713,0
5714,1
5715,1
5716,1
5717,1
5718,1
5719,1
5720,1
5721,1
5722,1
5723,1
5724,1
5725,1
5726,1
5727,0
5728,0
5729,1
5730,1
5731,0
5732,1
5733,1
5734,1
5735,1
5736,0
5737,0
5738,1
5739,1
5740,1
5741,1
5742,1
5743,1
5744,1
5745,1
5746,1
5747,1
5748,1
5749,1
5750,1
5751,1
5752,1
5753,0
5754,0
5755,1
5756,1
5757,1
5758,1
5759,1
5760,1
5761,1
5762,1
5763,1
5764,1
5765,1
5766,1
5767,1
5768,1
5769,1
5770,1
5771,1
5772,1
5773,1
5774,1
5775,1
5776,1
5777,1
5778,1
5779,1
5780,1
5781,1
5782,1
5783,1
5784,1
5785,1
5786,1
5787,1
5788,1
5789,1
5790,1
5791,1
5792,1
5793,1
5794,1
5795,1
5796,1
5797,1
5798,1
5799,1
5800,0
5801,1
5802,1
5803,0
5804,1
5805,1
5806,0
5807,1
5808,1
5809,1
5810,0
5811,1
5812,1
5813,1
5814,1
5815,1
5816,1
5817,0
5818,0
5819,1
5820,1
5821,0
5822,0
5823,0
5824,1
5825,1
5826,1
5827,1
5828,1
5829,1
5830,1
5831,0
5832,0
5833,1
5834,1
5835,1
5836,0
5837,1
5838,1
5839,1
5840,1
5841,0
5842,1
5843,1
5844,1
5845,1
5846,0
5847,1
5848,1
5849,1
5850,1
5851,1
5852,1
5853,1
5854,1
5855,1
5856,1
5857,1
5858,0
5859,0
5860,1
5861,0
5862,0
5863,0
5864,0
5865,0
5866,1
5867,1
5868,1
5869,1
5870,1
5871,1
5872,1
5873,1
5874,1
5875,1
5876,1
5877,1
5878,1
5879,0
5880,0
5881,0
5882,1
5883,1
5884,1
5885,0
5886,1
5887,1
5888,1
5889,1
5890,1
5891,1
5892,1
5893,1
5894,0
5895,1
5896,1
5897,1
5898,1
5899,1
5900,1
5901,1
5902,1
5903,1
5904,1
5905,1
5906,0
5907,0
5908,1
5909,1
5910,1
5911,1
5912,1
5913,1
5914,1
5915,1
5916,1
5917,0
5918,0
5919,1
5920,1
5921,1
5922,1
5923,1
5924,1
5925,1
5926,0
5927,1
5928,1
5929,1
5930,1
5931,1
5932,1
5933,1
5934,1
5935,0
5936,1
5937,1
5938,1
5939,1
5940,1
5941,1
5942,1
5943,1
5944,1
5945,1
5946,1
5947,1
5948,1
5949,1
5950,1
5951,0
5952,0
5953,1
5954,1
5955,1
5956,1
5957,1
5958,1
5959,0
5960,1
5961,1
5962,0
5963,1
5964,1
5965,1
5966,1
5967,1
5968,1
5969,1
5970,1
5971,1
5972,1
5973,0
5974,1
5975,1
5976,1
5977,1
5978,1
5979,1
5980,1
5981,1
5982,1
5983,1
5984,1
5985,1
5986,1
5987,1
5988,1
5989,1
5990,1
5991,1
5992,1
5993,1
5994,1
5995,1
5996,1
5997,1
5998,1
5999,1
6000,1
6001,1
6002,1
6003,1
6004,1
6005,1
6006,1
6007,1
6008,1
6009,1
6010,1
6011,1
6012,1
6013,1
6014,1
6015,1
6016,1
6017,1
6018,1
6019,1
6020,1
6021,1
6022,1
6023,1
6024,1
6025,1
6026,1
6027,1
6028,0
6029,1
6030,1
6031,0
6032,1
6033,0
6034,0
6035,1
6036,1
6037,0
6038,1
6039,1
6040,1
6041,1
6042,1
6043,1
6044,1
6045,1
6046,1
6047,1
6048,1
6049,1
6050,1
6051,1
6052,1
6053,1
6054,1
6055,1
6056,1
6057,0
6058,0
6059,1
6060,1
6061,1
6062,1
6063,0
6064,1
6065,1
6066,1
6067,1
6068,1
6069,1
6070,1
6071,1
6072,0
6073,0
6074,1
6075,0
6076,1
6077,1
6078,1
6079,1
6080,1
6081,1
6082,1
6083,0
6084,0
6085,1
6086,1
6087,0
6088,0
6089,0
6090,0
6091,1
6092,1
6093,1
6094,1
6095,1
6096,1
6097,1
6098,0
6099,1
6100,1
6101,1
6102,1
6103,1
6104,1
6105,1
6106,1
6107,0
6108,1
6109,1
6110,1
6111,1
6112,1
6113,1
6114,1
6115,1
6116,1
6117,1
6118,1
6119,1
6120,1
6121,1
6122,1
6123,1
6124,1
6125,1
6126,1
6127,1
6128,1
6129,1
6130,1
6131,1
6132,1
6133,0
6134,1
6135,1
6136,0
6137,0
6138,0
6139,1
6140,0
6141,1
6142,1
6143,1
6144,1
6145,1
6146,1
6147,1
6148,1
6149,1
6150,1
6151,1
6152,1
6153,1
6154,0
6155,1
6156,1
6157,1
6158,1
6159,1
6160,1
6161,0
6162,0
6163,1
6164,0
6165,1
6166,1
6167,1
6168,1
6169,1
6170,0
6171,1
6172,1
6173,1
6174,1
6175,1
6176,1
6177,0
6178,1
6179,1
6180,1
6181,1
6182,1
6183,1
6184,1
6185,1
6186,1
6187,1
6188,1
6189,0
6190,1
6191,1
6192,1
6193,1
6194,1
6195,1
6196,1
6197,1
6198,1
6199,1
6200,1
6201,1
6202,1
6203,1
6204,1
6205,1
6206,1
6207,1
6208,1
6209,1
6210,1
6211,1
6212,1
6213,1
6214,1
6215,1
6216,1
6217,1
6218,1
6219,1
6220,1
6221,1
6222,1
6223,1
6224,1
6225,0
6226,1
6227,1
6228,1
6229,1
6230,1
6231,1
6232,1
6233,1
6234,1
6235,1
6236,1
6237,1
6238,1
6239,1
6240,1
6241,1
6242,1
6243,1
6244,1
6245,1
6246,1
6247,1
6248,1
6249,1
6250,1
6251,1
6252,0
6253,1
6254,1
6255,1
6256,1
6257,0
6258,1
6259,1
6260,1
6261,1
6262,1
6263,1
6264,1
6265,1
6266,0
6267,1
6268,1
6269,1
6270,1
6271,1
6272,1
6273,0
6274,1
6275,1
6276,1
6277,0
6278,1
6279,0
6280,1
6281,1
6282,1
6283,1
6284,1
6285,1
6286,1
6287,0
6288,0
6289,1
6290,1
6291,1
6292,1
6293,1
6294,1
6295,0
6296,0
6297,1
6298,1
6299,1
6300,1
6301,0
6302,1
6303,1
6304,1
6305,1
6306,1
6307,1
6308,1
6309,0
6310,0
6311,0
6312,0
6313,0
6314,0
6315,1
6316,1
6317,1
6318,1
6319,1
6320,1
6321,1
6322,1
6323,1
6324,1
6325,1
6326,1
6327,1
6328,0
6329,0
6330,1
6331,1
6332,1
6333,0
6334,1
6335,1
6336,1
6337,0
6338,1
6339,1
6340,1
6341,1
6342,1
6343,0
6344,1
6345,1
6346,0
6347,0
6348,0
6349,1
6350,1
6351,1
6352,1
6353,1
6354,0
6355,1
6356,1
6357,1
6358,1
6359,1
6360,1
6361,1
6362,0
6363,1
6364,0
6365,0
6366,1
6367,1
6368,1
6369,1
6370,1
6371,1
6372,0
6373,1
6374,1
6375,1
6376,1
6377,1
6378,1
6379,1
6380,1
6381,1
6382,0
6383,1
6384,1
6385,1
6386,1
6387,1
6388,1
6389,1
6390,1
6391,1
6392,1
6393,1
6394,1
6395,1
6396,1
6397,1
6398,1
6399,1
6400,1
6401,1
6402,0
6403,1
6404,1
6405,1
6406,1
6407,1
6408,1
6409,1
6410,0
6411,1
6412,1
6413,1
6414,1
6415,1
6416,1
6417,1
6418,1
6419,1
6420,1
6421,1
6422,1
6423,0
6424,1
6425,0
6426,1
6427,1
6428,1
6429,1
6430,1
6431,1
6432,1
6433,1
6434,1
6435,1
6436,1
6437,1
6438,1
6439,1
6440,1
6441,1
6442,1
6443,1
6444,1
6445,1
6446,1
6447,1
6448,1
6449,1
6450,1
6451,1
6452,1
6453,1
6454,1
6455,1
6456,1
6457,1
6458,1
6459,1
6460,1
6461,1
6462,1
6463,1
6464,1
6465,1
6466,1
6467,1
6468,1
6469,1
6470,1
6471,1
6472,1
6473,1
6474,0
6475,0
6476,0
6477,0
6478,1
6479,0
6480,1
6481,1
6482,1
6483,1
6484,0
6485,1
6486,1
6487,0
6488,0
6489,1
6490,1
6491,1
6492,1
6493,1
6494,1
6495,1
6496,1
6497,1
6498,1
6499,1
6500,1
6501,1
6502,1
6503,1
6504,1
6505,1
6506,1
6507,1
6508,1
6509,0
6510,1
6511,1
6512,1
6513,1
6514,1
6515,1
6516,1
6517,1
6518,1
6519,0
6520,0
6521,1
6522,1
6523,1
6524,0
6525,1
6526,1
6527,1
6528,0
6529,1
6530,1
6531,1
6532,1
6533,1
6534,1
6535,0
6536,1
6537,1
6538,0
6539,1
6540,1
6541,1
6542,1
6543,1
6544,1
6545,1
6546,1
6547,1
6548,1
6549,1
6550,1
6551,1
6552,1
6553,1
6554,1
6555,1
6556,1
6557,1
6558,1
6559,1
6560,1
6561,1
6562,1
6563,1
6564,1
6565,1
6566,0
6567,0
6568,1
6569,0
6570,0
6571,0
6572,1
6573,0
6574,0
6575,1
6576,1
6577,1
6578,1
6579,1
6580,1
6581,1
6582,1
6583,1
6584,1
6585,1
6586,1
6587,1
6588,1
6589,1
6590,1
6591,1
6592,1
6593,1
6594,1
6595,1
6596,1
6597,1
6598,1
6599,1
6600,1
6601,1
6602,1
6603,1
6604,1
6605,1
6606,1
6607,1
6608,1
6609,1
6610,1
6611,1
6612,1
6613,1
6614,0
6615,1
6616,1
6617,1
6618,0
6619,1
6620,1
6621,1
6622,1
6623,1
6624,1
6625,1
6626,1
6627,1
6628,1
6629,1
6630,0
6631,1
6632,0
6633,1
6634,1
6635,1
6636,1
6637,1
6638,1
6639,1
6640,1
6641,1
6642,1
6643,1
6644,0
6645,1
6646,1
6647,1
6648,1
6649,1
6650,1
6651,1
6652,1
6653,1
6654,1
6655,1
6656,1
6657,1
6658,1
6659,1
6660,1
6661,1
6662,1
6663,1
6664,1
6665,1
6666,0
6667,1
6668,1
6669,1
6670,1
6671,1
6672,1
6673,1
6674,1
6675,1
6676,1
6677,1
6678,1
6679,1
6680,1
6681,1
6682,1
6683,1
6684,1
6685,1
6686,1
6687,1
6688,1
6689,1
6690,1
6691,1
6692,1
6693,1
6694,1
6695,0
6696,1
6697,1
6698,0
6699,1
6700,1
6701,1
6702,0
6703,0
6704,1
6705,0
6706,0
6707,1
6708,1
6709,1
6710,1
6711,1
6712,0
6713,1
6714,1
6715,1
6716,1
6717,1
6718,1
6719,1
6720,1
6721,1
6722,0
6723,1
6724,1
6725,1
6726,1
6727,1
6728,0
6729,1
6730,0
6731,0
6732,0
6733,1
6734,1
6735,1
6736,0
6737,1
6738,1
6739,1
6740,0
6741,1
6742,1
6743,1
6744,1
6745,1
6746,1
6747,0
6748,0
6749,0
6750,1
6751,1
6752,0
6753,1
6754,0
6755,1
6756,1
6757,1
6758,0
6759,0
6760,0
6761,1
6762,1
6763,1
6764,1
6765,1
6766,1
6767,1
6768,1
6769,1
6770,1
6771,1
6772,1
6773,1
6774,1
6775,1
6776,1
6777,1
6778,1
6779,0
6780,1
6781,1
6782,0
6783,1
6784,1
6785,1
6786,1
6787,1
6788,0
6789,1
6790,1
6791,1
6792,1
6793,0
6794,0
6795,1
6796,1
6797,1
6798,1
6799,1
6800,1
6801,1
6802,1
6803,1
6804,1
6805,1
6806,1
6807,1
6808,1
6809,1
6810,1
6811,1
6812,1
6813,1
6814,1
6815,1
6816,1
6817,1
6818,1
6819,1
6820,1
6821,1
6822,1
6823,1
6824,1
6825,1
6826,1
6827,1
6828,1
6829,0
6830,1
6831,1
6832,1
6833,1
6834,1
6835,1
6836,1
6837,1
6838,1
6839,1
6840,1
6841,1
6842,1
6843,1
6844,1
6845,1
6846,1
6847,1
6848,1
6849,1
6850,1
6851,1
6852,1
6853,1
6854,1
6855,0
6856,1
6857,1
6858,1
6859,1
6860,1
6861,1
6862,1
6863,1
6864,1
6865,1
6866,1
6867,1
6868,0
6869,0
6870,1
6871,1
6872,1
6873,1
6874,1
6875,1
6876,1
6877,1
6878,0
6879,1
6880,1
6881,0
6882,1
6883,1
6884,1
6885,1
6886,1
6887,1
6888,1
6889,1
6890,1
6891,1
6892,1
6893,1
6894,1
6895,1
6896,1
6897,1
6898,1
6899,1
6900,1
6901,1
6902,1
6903,1
6904,1
6905,1
6906,1
6907,1
6908,1
6909,1
6910,1
6911,1
6912,1
6913,1
6914,1
6915,1
6916,1
6917,1
6918,1
6919,1
6920,0
6921,1
6922,1
6923,0
6924,1
6925,1
6926,0
6927,1
6928,1
6929,1
6930,1
6931,1
6932,0
6933,0
6934,0
6935,1
6936,0
6937,1
6938,1
6939,1
6940,1
6941,1
6942,1
6943,0
6944,1
6945,0
6946,1
6947,1
6948,1
6949,1
6950,1
6951,1
6952,1
6953,1
6954,1
6955,1
6956,1
6957,1
6958,1
6959,1
6960,1
6961,1
6962,1
6963,1
6964,1
6965,1
6966,1
6967,0
6968,1
6969,1
6970,1
6971,1
6972,1
6973,1
6974,1
6975,1
6976,1
6977,0
6978,1
6979,1
6980,0
6981,0
6982,1
6983,1
6984,1
6985,0
6986,0
6987,1
6988,1
6989,1
6990,1
6991,1
6992,1
6993,1
6994,1
6995,1
6996,1
6997,1
6998,1
6999,1
7000,1
7001,1
7002,1
7003,1
7004,0
7005,1
7006,0
7007,1
7008,1
7009,1
7010,1
7011,1
7012,1
7013,1
7014,1
7015,1
7016,1
7017,1
7018,1
7019,0
7020,1
7021,1
7022,0
7023,1
7024,1
7025,1
7026,1
7027,1
7028,1
7029,1
7030,1
7031,1
7032,1
7033,1
7034,1
7035,1
7036,1
7037,1
7038,1
7039,1
7040,1
7041,1
7042,1
7043,1
7044,1
7045,1
7046,1
7047,1
7048,1
7049,1
7050,1
7051,1
7052,1
7053,1
7054,1
7055,1
7056,0
7057,1
7058,1
7059,1
7060,1
7061,1
7062,1
7063,1
7064,1
7065,1
7066,1
7067,1
7068,1
7069,1
7070,1
7071,1
7072,1
7073,1
7074,1
7075,1
7076,1
7077,1
7078,1
7079,1
7080,1
7081,1
7082,1
7083,1
7084,1
7085,1
7086,1
7087,1
7088,1
7089,1
7090,1
7091,0
7092,0
7093,1
7094,1
7095,1
7096,0
7097,0
7098,1
7099,1
7100,1
7101,0
7102,1
7103,1
7104,1
7105,1
7106,1
7107,1
7108,1
7109,0
7110,1
7111,1
7112,1
7113,1
7114,1
7115,1
7116,1
7117,1
7118,1
7119,1
7120,1
7121,1
7122,1
7123,1
7124,1
7125,1
7126,1
7127,1
7128,1
7129,1
7130,1
7131,1
7132,1
7133,1
7134,1
7135,1
7136,1
7137,1
7138,1
7139,1
7140,1
7141,1
7142,1
7143,1
7144,1
7145,1
7146,1
7147,1
7148,0
7149,1
7150,1
7151,0
7152,1
7153,1
7154,1
7155,1
7156,1
7157,1
7158,0
7159,1
7160,1
7161,1
7162,1
7163,1
7164,1
7165,1
7166,1
7167,1
7168,1
7169,0
7170,1
7171,1
7172,1
7173,1
7174,1
7175,1
7176,1
7177,1
7178,1
7179,1
7180,1
7181,1
7182,1
7183,1
7184,1
7185,1
7186,1
7187,1
7188,1
7189,1
7190,1
7191,1
7192,1
7193,1
7194,0
7195,1
7196,0
7197,1
7198,0
7199,1
7200,1
7201,1
7202,0
7203,0
7204,1
7205,1
7206,1
7207,1
7208,1
7209,1
7210,0
7211,1
7212,1
7213,1
7214,1
7215,1
7216,1
7217,1
7218,1
7219,1
7220,1
7221,1
7222,1
7223,1
7224,1
7225,1
7226,1
7227,1
7228,1
7229,1
7230,1
7231,0
7232,1
7233,1
7234,1
7235,1
7236,0
7237,1
7238,1
7239,1
7240,1
7241,1
7242,1
7243,0
7244,1
7245,1
7246,0
7247,1
7248,1
7249,1
7250,1
7251,1
7252,1
7253,1
7254,1
7255,1
7256,1
7257,1
7258,1
7259,1
7260,0
7261,1
7262,1
7263,1
7264,1
7265,1
7266,1
7267,1
7268,1
7269,1
7270,1
7271,1
7272,1
7273,1
7274,1
7275,1
7276,1
7277,1
7278,1
7279,1
7280,1
7281,0
7282,1
7283,1
7284,1
7285,1
7286,1
7287,1
7288,1
7289,1
7290,1
7291,1
7292,1
7293,1
7294,1
7295,1
7296,1
7297,1
7298,1
7299,1
7300,1
7301,1
7302,1
7303,1
7304,1
7305,1
7306,0
7307,1
7308,1
7309,1
7310,1
7311,0
7312,1
7313,1
7314,1
7315,0
7316,1
7317,0
7318,1
7319,0
7320,1
7321,1
7322,1
7323,1
7324,1
7325,1
7326,1
7327,0
7328,1
7329,1
7330,1
7331,1
7332,1
7333,1
7334,1
7335,1
7336,1
7337,0
7338,1
7339,1
7340,1
7341,1
7342,1
7343,1
7344,0
7345,1
7346,1
7347,1
7348,1
7349,1
7350,1
7351,1
7352,1
7353,1
7354,1
7355,1
7356,1
7357,1
7358,1
7359,1
7360,1
7361,1
7362,1
7363,1
7364,1
7365,1
7366,1
7367,1
7368,1
7369,1
7370,1
7371,1
7372,1
7373,0
7374,1
7375,1
7376,1
7377,0
7378,1
7379,1
7380,1
7381,0
7382,1
7383,1
7384,1
7385,0
7386,1
7387,0
7388,0
7389,0
7390,1
7391,1
7392,1
7393,1
7394,0
7395,1
7396,1
7397,1
7398,0
7399,1
7400,0
7401,1
7402,0
7403,1
7404,0
7405,0
7406,1
7407,1
7408,1
7409,1
7410,1
7411,1
7412,1
7413,1
7414,1
7415,1
7416,0
7417,1
7418,1
7419,0
7420,1
7421,1
7422,0
7423,1
7424,1
7425,0
7426,0
7427,0
7428,1
7429,1
7430,1
7431,1
7432,1
7433,1
7434,0
7435,1
7436,0
7437,1
7438,1
7439,1
7440,1
7441,1
7442,1
7443,1
7444,1
7445,1
7446,1
7447,1
7448,1
7449,1
7450,0
7451,1
7452,0
7453,1
7454,0
7455,1
7456,1
7457,0
7458,1
7459,1
7460,1
7461,1
7462,1
7463,1
7464,0
7465,1
7466,1
7467,1
7468,1
7469,1
7470,1
7471,0
7472,1
7473,0
7474,1
7475,1
7476,1
7477,1
7478,1
7479,1
7480,1
7481,1
7482,1
7483,1
7484,1
7485,1
7486,1
7487,1
7488,1
7489,1
7490,0
7491,1
7492,1
7493,1
7494,1
7495,1
7496,1
7497,1
7498,1
7499,1
7500,1
7501,1
7502,1
7503,1
7504,1
7505,1
7506,0
7507,0
7508,1
7509,1
7510,1
7511,1
7512,1
7513,1
7514,1
7515,1
7516,1
7517,1
7518,1
7519,1
7520,1
7521,1
7522,1
7523,1
7524,1
7525,1
7526,1
7527,1
7528,1
7529,1
7530,1
7531,1
7532,1
7533,1
7534,1
7535,1
7536,1
7537,1
7538,1
7539,1
7540,0
7541,1
7542,0
7543,1
7544,1
7545,1
7546,1
7547,0
7548,1
7549,0
7550,0
7551,1
7552,0
7553,1
7554,1
7555,1
7556,0
7557,1
7558,1
7559,1
7560,1
7561,1
7562,0
7563,1
7564,1
7565,1
7566,1
7567,1
7568,1
7569,1
7570,1
7571,1
7572,1
7573,1
7574,1
7575,1
7576,1
7577,1
7578,1
7579,1
7580,1
7581,1
7582,1
7583,1
7584,1
7585,1
7586,1
7587,1
7588,1
7589,1
7590,1
7591,1
7592,1
7593,1
7594,1
7595,1
7596,0
7597,0
7598,0
7599,0
7600,0
7601,0
7602,0
7603,0
7604,1
7605,1
7606,0
7607,1
7608,0
7609,0
7610,1
7611,0
7612,0
7613,1
7614,0
7615,1
7616,1
7617,1
7618,1
7619,1
7620,1
7621,1
7622,1
7623,1
7624,1
7625,1
7626,1
7627,0
7628,1
7629,1
7630,1
7631,1
7632,1
7633,1
7634,1
7635,1
7636,1
7637,1
7638,1
7639,1
7640,1
7641,1
7642,1
7643,1
7644,0
7645,1
7646,1
7647,1
7648,0
7649,1
7650,1
7651,1
7652,1
7653,1
7654,1
7655,1
7656,1
7657,1
7658,1
7659,1
7660,1
7661,1
7662,1
7663,1
7664,1
7665,1
7666,1
7667,1
7668,1
7669,1
7670,1
7671,1
7672,1
7673,1
7674,1
7675,1
7676,1
7677,1
7678,1
7679,1
7680,1
7681,1
7682,1
7683,1
7684,1
7685,1
7686,0
7687,1
7688,0
7689,1
7690,1
7691,1
7692,1
7693,1
7694,1
7695,1
7696,1
7697,1
7698,1
7699,0
7700,1
7701,1
7702,0
7703,0
7704,0
7705,0
7706,1
7707,1
7708,1
7709,1
7710,1
7711,0
7712,1
7713,1
7714,1
7715,1
7716,1
7717,1
7718,1
7719,1
7720,1
7721,1
7722,1
7723,1
7724,1
7725,1
7726,1
7727,0
7728,0
7729,1
7730,1
7731,1
7732,1
7733,1
7734,1
7735,0
7736,1
7737,1
7738,1
7739,1
7740,1
7741,1
7742,1
7743,1
7744,1
7745,1
7746,0
7747,1
7748,1
7749,1
7750,1
7751,1
7752,1
7753,1
7754,1
7755,1
7756,1
7757,1
7758,1
7759,0
7760,1
7761,1
7762,0
7763,0
7764,0
7765,0
7766,1
7767,0
7768,0
7769,1
7770,0
7771,1
7772,0
7773,0
7774,1
7775,0
7776,1
7777,1
7778,1
7779,1
7780,0
7781,0
7782,1
7783,1
7784,1
7785,0
7786,1
7787,1
7788,1
7789,1
7790,1
7791,0
7792,1
7793,1
7794,1
7795,1
7796,1
7797,1
7798,1
7799,1
7800,1
7801,1
7802,1
7803,1
7804,1
7805,1
7806,1
7807,1
7808,1
7809,1
7810,1
7811,1
7812,1
7813,1
7814,1
7815,1
7816,1
7817,1
7818,1
7819,1
7820,1
7821,1
7822,1
7823,1
7824,1
7825,1
7826,1
7827,1
7828,1
7829,1
7830,1
7831,1
7832,0
7833,1
7834,0
7835,0
7836,1
7837,0
7838,0
7839,1
7840,1
7841,1
7842,1
7843,1
7844,1
7845,1
7846,1
7847,1
7848,1
7849,1
7850,1
7851,1
7852,0
7853,1
7854,0
7855,1
7856,1
7857,0
7858,1
7859,1
7860,1
7861,1
7862,1
7863,0
7864,1
7865,0
7866,1
7867,1
7868,1
7869,1
7870,0
7871,0
7872,1
7873,1
7874,1
7875,0
7876,1
7877,0
7878,1
7879,1
7880,1
7881,1
7882,1
7883,1
7884,1
7885,1
7886,1
7887,1
7888,1
7889,1
7890,1
7891,1
7892,1
7893,1
7894,1
7895,1
7896,1
7897,1
7898,1
7899,1
7900,0
7901,1
7902,1
7903,1
7904,1
7905,1
7906,1
7907,0
7908,1
7909,1
7910,1
7911,1
7912,1
7913,0
7914,1
7915,1
7916,0
7917,1
7918,1
7919,1
7920,1
7921,1
7922,1
7923,1
7924,1
7925,1
7926,1
7927,1
7928,1
7929,1
7930,0
7931,1
7932,1
7933,1
7934,1
7935,1
7936,1
7937,1
7938,1
7939,1
7940,1
7941,1
7942,1
7943,1
7944,1
7945,1
7946,1
7947,0
7948,1
7949,1
7950,1
7951,1
7952,1
7953,1
7954,1
7955,1
7956,1
7957,1
7958,1
7959,1
7960,1
7961,1
7962,0
7963,1
7964,1
7965,1
7966,1
7967,1
7968,1
7969,1
7970,1
7971,1
7972,1
7973,1
7974,1
7975,1
7976,1
7977,0
7978,1
7979,1
7980,0
7981,0
7982,1
7983,1
7984,1
7985,1
7986,1
7987,1
7988,0
7989,1
7990,0
7991,1
7992,1
7993,0
7994,1
7995,1
7996,1
7997,1
7998,1
7999,1
8000,1
8001,0
8002,1
8003,1
8004,0
8005,1
8006,1
8007,1
8008,1
8009,1
8010,1
8011,0
8012,0
8013,1
8014,1
8015,0
8016,1
8017,1
8018,1
8019,0
8020,1
8021,1
8022,0
8023,1
8024,1
8025,1
8026,1
8027,1
8028,1
8029,1
8030,1
8031,1
8032,1
8033,1
8034,1
8035,1
8036,1
8037,1
8038,1
8039,1
8040,1
8041,1
8042,1
8043,1
8044,1
8045,1
8046,1
8047,1
8048,1
8049,1
8050,1
8051,0
8052,0
8053,1
8054,1
8055,1
8056,1
8057,1
8058,0
8059,0
8060,0
8061,1
8062,1
8063,1
8064,1
8065,1
8066,1
8067,0
8068,1
8069,1
8070,1
8071,1
8072,1
8073,1
8074,0
8075,0
8076,1
8077,1
8078,0
8079,1
8080,1
8081,1
8082,1
8083,1
8084,1
8085,1
8086,1
8087,1
8088,1
8089,1
8090,1
8091,1
8092,1
8093,1
8094,1
8095,1
8096,1
8097,1
8098,1
8099,1
8100,1
8101,1
8102,1
8103,1
8104,1
8105,1
8106,1
8107,1
8108,1
8109,1
8110,1
8111,1
8112,1
8113,1
8114,1
8115,1
8116,0
8117,0
8118,0
8119,1
8120,1
8121,1
8122,1
8123,1
8124,1
8125,1
8126,1
8127,1
8128,1
8129,1
8130,1
8131,1
8132,1
8133,1
8134,1
8135,1
8136,1
8137,0
8138,1
8139,1
8140,1
8141,1
8142,0
8143,0
8144,1
8145,1
8146,0
8147,1
8148,1
8149,0
8150,1
8151,1
8152,1
8153,1
8154,1
8155,1
8156,1
8157,1
8158,1
8159,1
8160,1
8161,1
8162,1
8163,1
8164,1
8165,1
8166,1
8167,1
8168,1
8169,1
8170,1
8171,1
8172,1
8173,1
8174,1
8175,1
8176,1
8177,1
8178,1
8179,1
8180,1
8181,0
8182,1
8183,1
8184,1
8185,1
8186,1
8187,1
8188,1
8189,1
8190,1
8191,1
8192,1
8193,1
8194,1
8195,1
8196,1
8197,1
8198,1
8199,1
8200,1
8201,1
8202,1
8203,1
8204,0
8205,1
8206,1
8207,1
8208,0
8209,1
8210,1
8211,1
8212,1
8213,1
8214,1
8215,0
8216,0
8217,1
8218,1
8219,1
8220,1
8221,1
8222,0
8223,1
8224,1
8225,1
8226,1
8227,0
8228,0
8229,0
8230,1
8231,0
8232,1
8233,1
8234,0
8235,1
8236,0
8237,1
8238,1
8239,1
8240,1
8241,1
8242,1
8243,0
8244,0
8245,1
8246,0
8247,0
8248,1
8249,1
8250,1
8251,1
8252,1
8253,1
8254,1
8255,1
8256,1
8257,1
8258,1
8259,1
8260,1
8261,1
8262,1
8263,1
8264,1
8265,1
8266,1
8267,1
8268,1
8269,1
8270,1
8271,1
8272,1
8273,1
8274,1
8275,1
8276,1
8277,1
8278,1
8279,1
8280,1
8281,0
8282,0
8283,0
8284,1
8285,1
8286,0
8287,0
8288,1
8289,1
8290,1
8291,1
8292,0
8293,1
8294,0
8295,1
8296,1
8297,1
8298,1
8299,1
8300,0
8301,0
8302,0
8303,1
8304,1
8305,1
8306,1
8307,1
8308,1
8309,1
8310,0
8311,1
8312,0
8313,0
8314,0
8315,1
8316,0
8317,1
8318,0
8319,0
8320,1
8321,1
8322,1
8323,1
8324,0
8325,1
8326,0
8327,0
8328,1
8329,1
8330,1
8331,1
8332,0
8333,1
8334,0
8335,0
8336,1
8337,1
8338,1
8339,1
8340,1
8341,0
8342,1
8343,1
8344,1
8345,1
8346,1
8347,1
8348,1
8349,1
8350,1
8351,1
8352,0
8353,1
8354,1
8355,1
8356,1
8357,1
8358,0
8359,1
8360,1
8361,0
8362,1
8363,1
8364,1
8365,1
8366,1
8367,1
8368,0
8369,1
8370,1
8371,1
8372,1
8373,1
8374,1
8375,1
8376,1
8377,0
8378,1
8379,1
8380,1
8381,1
8382,1
8383,1
8384,1
8385,1
8386,1
8387,1
8388,1
8389,1
8390,0
8391,1
8392,1
8393,1
8394,1
8395,1
8396,1
8397,1
8398,1
8399,1
8400,1
8401,1
8402,0
8403,1
8404,0
8405,0
8406,0
8407,1
8408,1
8409,1
8410,1
8411,0
8412,0
8413,1
8414,1
8415,1
8416,1
8417,1
8418,1
8419,1
8420,1
8421,1
8422,1
8423,1
8424,0
8425,1
8426,1
8427,1
8428,1
8429,1
8430,1
8431,1
8432,1
8433,1
8434,0
8435,1
8436,1
8437,1
8438,1
8439,1
8440,1
8441,1
8442,1
8443,0
8444,1
8445,1
8446,1
8447,0
8448,0
8449,1
8450,0
8451,1
8452,1
8453,1
8454,0
8455,1
8456,1
8457,1
8458,1
8459,0
8460,1
8461,1
8462,0
8463,1
8464,0
8465,1
8466,1
8467,0
8468,0
8469,1
8470,0
8471,1
8472,1
8473,1
8474,1
8475,0
8476,1
8477,1
8478,1
8479,1
8480,1
8481,1
8482,1
8483,1
8484,1
8485,1
8486,1
8487,1
8488,1
8489,1
8490,1
8491,1
8492,1
8493,1
8494,1
8495,0
8496,1
8497,1
8498,1
8499,1
8500,0
8501,1
8502,0
8503,1
8504,1
8505,1
8506,1
8507,1
8508,0
8509,1
8510,1
8511,1
8512,1
8513,1
8514,1
8515,1
8516,1
8517,1
8518,1
8519,1
8520,1
8521,1
8522,1
8523,1
8524,1
8525,0
8526,1
8527,0
8528,1
8529,1
8530,1
8531,1
8532,1
8533,1
8534,1
8535,1
8536,0
8537,1
8538,1
8539,1
8540,0
8541,1
8542,1
8543,1
8544,1
8545,1
8546,0
8547,1
8548,0
8549,0
8550,1
8551,1
8552,0
8553,0
8554,1
8555,1
8556,1
8557,0
8558,0
8559,0
8560,0
8561,1
8562,1
8563,1
8564,1
8565,1
8566,1
8567,0
8568,1
8569,0
8570,1
8571,1
8572,0
8573,1
8574,1
8575,1
8576,1
8577,1
8578,1
8579,1
8580,1
8581,1
8582,1
8583,1
8584,1
8585,1
8586,1
8587,1
8588,0
8589,1
8590,1
8591,1
8592,1
8593,1
8594,1
8595,1
8596,0
8597,1
8598,1
8599,1
8600,1
8601,0
8602,0
8603,1
8604,1
8605,1
8606,1
8607,1
8608,0
8609,1
8610,1
8611,1
8612,1
8613,1
8614,1
8615,1
8616,1
8617,1
8618,1
8619,1
8620,1
8621,1
8622,1
8623,1
8624,0
8625,1
8626,1
8627,1
8628,0
8629,1
8630,0
8631,1
8632,1
8633,1
8634,1
8635,1
8636,1
8637,0
8638,0
8639,1
8640,1
8641,1
8642,1
8643,1
8644,1
8645,1
8646,1
8647,1
8648,1
8649,1
8650,1
8651,1
8652,1
8653,1
8654,0
8655,1
8656,1
8657,0
8658,1
8659,1
8660,1
8661,1
8662,1
8663,1
8664,1
8665,1
8666,1
8667,0
8668,1
8669,1
8670,1
8671,0
8672,1
8673,1
8674,1
8675,1
8676,1
8677,1
8678,0
8679,1
8680,0
8681,1
8682,1
8683,1
8684,0
8685,1
8686,1
8687,1
8688,1
8689,1
8690,1
8691,0
8692,1
8693,0
8694,1
8695,0
8696,1
8697,1
8698,1
8699,1
8700,1
8701,1
8702,1
8703,1
8704,1
8705,1
8706,1
8707,1
8708,1
8709,1
8710,1
8711,1
8712,1
8713,1
8714,1
8715,1
8716,1
8717,1
8718,0
8719,0
8720,1
8721,1
8722,1
8723,1
8724,1
8725,1
8726,0
8727,1
8728,1
8729,1
8730,1
8731,1
8732,1
8733,1
8734,0
8735,0
8736,1
8737,1
8738,0
8739,1
8740,1
8741,1
8742,0
8743,1
8744,1
8745,1
8746,0
8747,1
8748,1
8749,1
8750,1
8751,0
8752,1
8753,1
8754,1
8755,1
8756,1
8757,1
8758,0
8759,1
8760,1
8761,1
8762,0
8763,1
8764,1
8765,0
8766,1
8767,1
8768,1
8769,0
8770,0
8771,1
8772,1
8773,1
8774,1
8775,1
8776,0
8777,0
8778,1
8779,0
8780,1
8781,1
8782,1
8783,1
8784,0
8785,0
8786,1
8787,1
8788,1
8789,1
8790,1
8791,1
8792,1
8793,1
8794,1
8795,1
8796,1
8797,1
8798,1
8799,1
8800,1
8801,1
8802,1
8803,0
8804,1
8805,1
8806,1
8807,1
8808,1
8809,1
8810,1
8811,1
8812,1
8813,1
8814,1
8815,1
8816,1
8817,1
8818,0
8819,1
8820,0
8821,1
8822,1
8823,1
8824,1
8825,1
8826,1
8827,0
8828,0
8829,0
8830,1
8831,1
8832,1
8833,1
8834,1
8835,1
8836,1
8837,1
8838,1
8839,1
8840,1
8841,1
8842,1
8843,1
8844,1
8845,1
8846,1
8847,1
8848,0
8849,0
8850,1
8851,1
8852,1
8853,1
8854,0
8855,1
8856,1
8857,1
8858,1
8859,1
8860,1
8861,1
8862,0
8863,0
8864,0
8865,1
8866,1
8867,1
8868,1
8869,1
8870,1
8871,1
8872,1
8873,1
8874,1
8875,1
8876,0
8877,1
8878,0
8879,1
8880,0
8881,1
8882,1
8883,0
8884,1
8885,1
8886,1
8887,1
8888,1
8889,0
8890,0
8891,1
8892,1
8893,1
8894,1
8895,1
8896,1
8897,0
8898,0
8899,0
8900,1
8901,0
8902,1
8903,0
8904,0
8905,0
8906,1
8907,1
8908,1
8909,0
8910,1
8911,1
8912,1
8913,0
8914,0
8915,1
8916,1
8917,1
8918,0
8919,1
8920,0
8921,1
8922,1
8923,1
8924,1
8925,1
8926,1
8927,1
8928,1
8929,1
8930,1
8931,1
8932,1
8933,1
8934,1
8935,1
8936,1
8937,1
8938,1
8939,1
8940,1
8941,1
8942,1
8943,0
8944,0
8945,1
8946,1
8947,1
8948,1
8949,0
8950,1
8951,1
8952,1
8953,1
8954,1
8955,1
8956,1
8957,1
8958,0
8959,0
8960,0
8961,0
8962,0
8963,0
8964,1
8965,1
8966,1
8967,1
8968,1
8969,1
8970,1
8971,1
8972,1
8973,1
8974,1
8975,1
8976,1
8977,0
8978,0
8979,1
8980,0
8981,0
8982,0
8983,1
8984,1
8985,1
8986,0
8987,0
8988,0
8989,1
8990,1
8991,1
8992,1
8993,1
8994,1
8995,1
8996,1
8997,0
8998,1
8999,1
9000,1
9001,0
9002,0
9003,0
9004,0
9005,0
9006,1
9007,0
9008,0
9009,0
9010,0
9011,0
9012,1
9013,1
9014,1
9015,1
9016,1
9017,0
9018,1
9019,1
9020,1
9021,0
9022,1
9023,1
9024,1
9025,1
9026,1
9027,1
9028,1
9029,1
9030,1
9031,1
9032,1
9033,1
9034,0
9035,1
9036,0
9037,1
9038,1
9039,1
9040,0
9041,1
9042,1
9043,0
9044,1
9045,1
9046,1
9047,1
9048,0
9049,0
9050,1
9051,1
9052,1
9053,0
9054,1
9055,1
9056,1
9057,1
9058,0
9059,1
9060,1
9061,1
9062,1
9063,1
9064,1
9065,1
9066,1
9067,1
9068,1
9069,1
9070,1
9071,1
9072,1
9073,1
9074,1
9075,1
9076,1
9077,1
9078,0
9079,1
9080,1
9081,1
9082,1
9083,1
9084,0
9085,0
9086,1
9087,0
9088,0
9089,0
9090,1
9091,1
9092,1
9093,1
9094,1
9095,1
9096,1
9097,1
9098,1
9099,1
9100,1
9101,1
9102,1
9103,0
9104,1
9105,1
9106,0
9107,1
9108,1
9109,1
9110,0
9111,1
9112,1
9113,1
9114,1
9115,1
9116,0
9117,0
9118,1
9119,1
9120,1
9121,1
9122,1
9123,1
9124,0
9125,0
9126,1
9127,1
9128,1
9129,0
9130,1
9131,1
9132,0
9133,1
9134,1
9135,1
9136,1
9137,1
9138,1
9139,0
9140,1
9141,1
9142,1
9143,1
9144,1
9145,1
9146,1
9147,1
9148,1
9149,1
9150,1
9151,0
9152,1
9153,1
9154,1
9155,1
9156,1
9157,1
9158,1
9159,1
9160,1
9161,1
9162,1
9163,0
9164,1
9165,1
9166,1
9167,1
9168,1
9169,1
9170,0
9171,1
9172,1
9173,1
9174,1
9175,1
9176,1
9177,1
9178,1
9179,1
9180,1
9181,1
9182,1
9183,1
9184,1
9185,0
9186,0
9187,1
9188,1
9189,1
9190,1
9191,1
9192,0
9193,1
9194,1
9195,1
9196,1
9197,1
9198,1
9199,1
9200,1
9201,1
9202,1
9203,1
9204,1
9205,0
9206,1
9207,1
9208,1
9209,1
9210,1
9211,1
9212,1
9213,0
9214,1
9215,1
9216,1
9217,1
9218,1
9219,1
9220,1
9221,1
9222,1
9223,1
9224,1
9225,1
9226,0
9227,0
9228,0
9229,0
9230,0
9231,0
9232,1
9233,0
9234,0
9235,0
9236,0
9237,1
9238,1
9239,1
9240,1
9241,1
9242,1
9243,1
9244,1
9245,1
9246,1
9247,1
9248,1
9249,1
9250,1
9251,1
9252,1
9253,1
9254,0
9255,0
9256,1
9257,1
9258,1
9259,0
9260,0
9261,1
9262,1
9263,1
9264,1
9265,1
9266,1
9267,0
9268,1
9269,1
9270,1
9271,1
9272,0
9273,0
9274,0
9275,0
9276,1
9277,1
9278,1
9279,1
9280,1
9281,1
9282,1
9283,1
9284,1
9285,1
9286,1
9287,1
9288,1
9289,1
9290,0
9291,1
9292,1
9293,1
9294,1
9295,1
9296,1
9297,1
9298,1
9299,1
9300,1
9301,1
9302,0
9303,1
9304,0
9305,0
9306,1
9307,0
9308,1
9309,1
9310,0
9311,0
9312,1
9313,1
9314,0
9315,1
9316,1
9317,1
9318,1
9319,1
9320,1
9321,1
9322,1
9323,1
9324,1
9325,1
9326,1
9327,1
9328,0
9329,0
9330,1
9331,1
9332,1
9333,1
9334,1
9335,1
9336,1
9337,1
9338,1
9339,1
9340,1
9341,1
9342,1
9343,1
9344,1
9345,1
9346,1
9347,1
9348,0
9349,1
9350,1
9351,0
9352,1
9353,0
9354,1
9355,0
9356,1
9357,1
9358,1
9359,1
9360,1
9361,1
9362,1
9363,1
9364,0
9365,1
9366,0
9367,1
9368,1
9369,1
9370,1
9371,1
9372,1
9373,1
9374,1
9375,0
9376,1
9377,1
9378,1
9379,1
9380,1
9381,1
9382,1
9383,1
9384,1
9385,1
9386,1
9387,1
9388,1
9389,1
9390,1
9391,1
9392,1
9393,0
9394,0
9395,0
9396,1
9397,1
9398,1
9399,1
9400,1
9401,1
9402,1
9403,1
9404,1
9405,0
9406,1
9407,0
9408,1
9409,1
9410,0
9411,1
9412,1
9413,0
9414,1
9415,0
9416,1
9417,1
9418,1
9419,1
9420,1
9421,1
9422,0
9423,1
9424,1
9425,1
9426,1
9427,1
9428,1
9429,1
9430,0
9431,1
9432,1
9433,1
9434,1
9435,1
9436,1
9437,1
9438,1
9439,0
9440,1
9441,1
9442,1
9443,1
9444,1
9445,1
9446,0
9447,1
9448,1
9449,0
9450,1
9451,0
9452,0
9453,0
9454,0
9455,0
9456,1
9457,1
9458,1
9459,1
9460,1
9461,1
9462,1
9463,1
9464,1
9465,1
9466,1
9467,1
9468,1
9469,1
9470,1
9471,1
9472,1
9473,1
9474,1
9475,1
9476,1
9477,1
9478,1
9479,1
9480,1
9481,1
9482,1
9483,1
9484,1
9485,1
9486,1
9487,1
9488,1
9489,0
9490,1
9491,1
9492,1
9493,1
9494,1
9495,1
9496,1
9497,1
9498,0
9499,0
9500,1
9501,1
9502,1
9503,1
9504,1
9505,1
9506,0
9507,0
9508,1
9509,1
9510,1
9511,1
9512,1
9513,1
9514,1
9515,1
9516,1
9517,1
9518,0
9519,1
9520,1
9521,1
9522,1
9523,1
9524,1
9525,1
9526,1
9527,1
9528,1
9529,1
9530,1
9531,1
9532,1
9533,0
9534,1
9535,0
9536,1
9537,0
9538,1
9539,1
9540,1
9541,1
9542,1
9543,1
9544,1
9545,1
9546,1
9547,1
9548,1
9549,1
9550,1
9551,0
9552,0
9553,1
9554,1
9555,1
9556,1
9557,0
9558,1
9559,0
9560,1
9561,1
9562,1
9563,0
9564,0
9565,0
9566,1
9567,0
9568,1
9569,0
9570,1
9571,1
9572,1
9573,1
9574,1
9575,1
9576,1
9577,1
9578,1
9579,1
9580,0
9581,1
9582,0
9583,1
9584,1
9585,0
9586,1
9587,1
9588,0
9589,0
9590,1
9591,0
9592,1
9593,1
9594,0
9595,1
9596,1
9597,1
9598,1
9599,1
9600,1
9601,0
9602,1
9603,1
9604,1
9605,1
9606,1
9607,1
9608,1
9609,1
9610,1
9611,1
9612,1
9613,1
9614,0
9615,1
9616,0
9617,1
9618,0
9619,1
9620,1
9621,0
9622,1
9623,1
9624,1
9625,1
9626,0
9627,1
9628,1
9629,1
9630,1
9631,1
9632,0
9633,0
9634,1
9635,1
9636,0
9637,1
9638,1
9639,0
9640,1
9641,0
9642,1
9643,1
9644,1
9645,1
9646,0
9647,1
9648,1
9649,1
9650,1
9651,1
9652,1
9653,1
9654,0
9655,1
9656,1
9657,1
9658,1
9659,1
9660,1
9661,1
9662,1
9663,1
9664,1
9665,1
9666,1
9667,1
9668,1
9669,1
9670,1
9671,0
9672,0
9673,1
9674,1
9675,1
9676,0
9677,0
9678,1
9679,0
9680,0
9681,0
9682,1
9683,1
9684,1
9685,1
9686,1
9687,1
9688,1
9689,1
9690,1
9691,1
9692,1
9693,1
9694,1
9695,1
9696,1
9697,1
9698,1
9699,1
9700,0
9701,1
9702,1
9703,1
9704,0
9705,1
9706,1
9707,1
9708,1
9709,1
9710,1
9711,1
9712,1
9713,1
9714,1
9715,1
9716,1
9717,1
9718,0
9719,1
9720,1
9721,1
9722,1
9723,0
9724,1
9725,0
9726,1
9727,1
9728,1
9729,1
9730,0
9731,0
9732,1
9733,1
9734,1
9735,1
9736,1
9737,1
9738,1
9739,1
9740,1
9741,1
9742,1
9743,1
9744,1
9745,1
9746,1
9747,1
9748,1
9749,1
9750,1
9751,1
9752,1
9753,1
9754,1
9755,1
9756,1
9757,1
9758,1
9759,1
9760,0
9761,0
9762,0
9763,1
9764,1
9765,1
9766,1
9767,0
9768,1
9769,1
9770,1
9771,1
9772,1
9773,1
9774,1
9775,1
9776,1
9777,0
9778,1
9779,1
9780,1
9781,0
9782,1
9783,1
9784,0
9785,1
9786,1
9787,0
9788,0
9789,1
9790,1
9791,1
9792,1
9793,1
9794,1
9795,1
9796,1
9797,1
9798,1
9799,1
9800,1
9801,1
9802,1
9803,1
9804,0
9805,0
9806,1
9807,0
9808,1
9809,1
9810,1
9811,1
9812,1
9813,1
9814,1
9815,1
9816,1
9817,1
9818,0
9819,1
9820,1
9821,1
9822,1
9823,1
9824,1
9825,1
9826,0
9827,1
9828,1
9829,1
9830,1
9831,1
9832,1
9833,1
9834,1
9835,1
9836,1
9837,1
9838,0
9839,1
9840,0
9841,1
9842,0
9843,1
9844,0
9845,1
9846,1
9847,0
9848,1
9849,1
9850,1
9851,0
9852,1
9853,0
9854,1
9855,1
9856,1
9857,1
9858,1
9859,1
9860,0
9861,1
9862,0
9863,1
9864,0
9865,1
9866,1
9867,1
9868,1
9869,1
9870,1
9871,1
9872,0
9873,1
9874,1
9875,1
9876,1
9877,0
9878,0
9879,0
9880,1
9881,1
9882,0
9883,1
9884,1
9885,1
9886,1
9887,1
9888,1
9889,1
9890,0
9891,1
9892,1
9893,1
9894,1
9895,1
9896,0
9897,1
9898,1
9899,1
9900,0
9901,1
9902,1
9903,1
9904,1
9905,0
9906,1
9907,1
9908,1
9909,1
9910,1
9911,1
9912,1
9913,1
9914,1
9915,1
9916,1
9917,1
9918,1
9919,1
9920,1
9921,1
9922,1
9923,1
9924,1
9925,1
9926,1
9927,1
9928,0
9929,0
9930,1
9931,1
9932,1
9933,0
9934,1
9935,1
9936,1
9937,1
9938,1
9939,0
9940,1
9941,1
9942,0
9943,1
9944,1
9945,1
9946,0
9947,0
9948,0
9949,0
9950,0
9951,1
9952,1
9953,0
9954,1
9955,1
9956,1
9957,1
9958,1
9959,1
9960,0
9961,0
9962,1
9963,1
9964,1
9965,1
9966,1
9967,1
9968,1
9969,1
9970,1
9971,1
9972,1
9973,1
9974,1
9975,1
9976,1
9977,1
9978,1
9979,1
9980,1
9981,1
9982,1
9983,1
9984,0
9985,1
9986,0
9987,1
9988,0
9989,1
9990,1
9991,0
9992,0
9993,1
9994,1
9995,1
9996,1
9997,1
9998,1
9999,1
10000,1
10001,1
10002,1
10003,1
10004,0
10005,0
10006,1
10007,1
10008,1
10009,0
10010,1
10011,1
10012,1
10013,1
10014,1
10015,1
10016,1
10017,1
10018,1
10019,0
10020,1
10021,1
10022,1
10023,1
10024,1
10025,1
10026,0
10027,1
10028,0
10029,1
10030,1
10031,1
10032,1
10033,1
10034,1
10035,1
10036,1
10037,1
10038,1
10039,1
10040,1
10041,1
10042,1
10043,1
10044,1
10045,0
10046,1
10047,1
10048,1
10049,1
10050,1
10051,1
10052,1
10053,1
10054,1
10055,1
10056,1
10057,1
10058,1
10059,1
10060,1
10061,1
10062,1
10063,1
10064,1
10065,0
10066,1
10067,1
10068,1
10069,1
10070,1
10071,1
10072,1
10073,1
10074,1
10075,1
10076,1
10077,1
10078,0
10079,1
10080,1
10081,0
10082,0
10083,1
10084,1
10085,1
10086,0
10087,1
10088,0
10089,1
10090,1
10091,1
10092,1
10093,1
10094,1
10095,1
10096,1
10097,1
10098,1
10099,0
10100,1
10101,0
10102,1
10103,0
10104,1
10105,1
10106,1
10107,0
10108,1
10109,1
10110,1
10111,1
10112,1
10113,1
10114,1
10115,1
10116,1
10117,1
10118,1
10119,1
10120,1
10121,1
10122,1
10123,1
10124,1
10125,1
10126,1
10127,1
10128,1
10129,1
10130,1
10131,1
10132,1
10133,1
10134,1
10135,1
10136,1
10137,1
10138,1
10139,1
10140,1
10141,1
10142,1
10143,1
10144,1
10145,1
10146,1
10147,1
10148,1
10149,1
10150,1
10151,1
10152,1
10153,1
10154,1
10155,1
10156,1
10157,0
10158,1
10159,1
10160,1
10161,1
10162,1
10163,1
10164,0
10165,0
10166,0
10167,1
10168,1
10169,1
10170,1
10171,0
10172,0
10173,0
10174,0
10175,0
10176,0
10177,1
10178,1
10179,1
10180,0
10181,0
10182,0
10183,1
10184,0
10185,1
10186,1
10187,1
10188,1
10189,1
10190,1
10191,1
10192,1
10193,1
10194,1
10195,1
10196,1
10197,1
10198,1
10199,1
10200,1
10201,1
10202,1
10203,1
10204,1
10205,1
10206,1
10207,1
10208,1
10209,0
10210,1
10211,0
10212,1
10213,0
10214,1
10215,1
10216,0
10217,0
10218,1
10219,1
10220,1
10221,1
10222,1
10223,1
10224,1
10225,1
10226,1
10227,1
10228,1
10229,0
10230,0
10231,0
10232,0
10233,1
10234,0
10235,1
10236,1
10237,0
10238,1
10239,1
10240,1
10241,1
10242,1
10243,1
10244,0
10245,1
10246,1
10247,1
10248,1
10249,0
10250,1
10251,1
10252,1
10253,1
10254,1
10255,1
10256,1
10257,1
10258,0
10259,1
10260,1
10261,1
10262,0
10263,1
10264,0
10265,1
10266,1
10267,1
10268,0
10269,1
10270,0
10271,1
10272,1
10273,1
10274,1
10275,1
10276,1
10277,1
10278,1
10279,1
10280,1
10281,1
10282,1
10283,1
10284,1
10285,1
10286,0
10287,1
10288,1
10289,1
10290,1
10291,1
10292,1
10293,1
10294,1
10295,1
10296,1
10297,0
10298,1
10299,0
10300,1
10301,1
10302,1
10303,1
10304,1
10305,1
10306,0
10307,0
10308,1
10309,1
10310,1
10311,1
10312,0
10313,1
10314,1
10315,1
10316,0
10317,1
10318,1
10319,1
10320,1
10321,0
10322,1
10323,1
10324,1
10325,1
10326,1
10327,1
10328,1
10329,1
10330,1
10331,1
10332,1
10333,1
10334,1
10335,1
10336,1
10337,1
10338,1
10339,1
10340,1
10341,1
10342,0
10343,1
10344,0
10345,1
10346,1
10347,1
10348,0
10349,1
10350,1
10351,1
10352,1
10353,1
10354,1
10355,1
10356,1
10357,1
10358,1
10359,1
10360,1
10361,1
10362,1
10363,1
10364,1
10365,1
10366,1
10367,1
10368,1
10369,1
10370,1
10371,1
10372,1
10373,1
10374,1
10375,1
10376,1
10377,1
10378,1
10379,1
10380,1
10381,1
10382,1
10383,1
10384,1
10385,1
10386,1
10387,1
10388,1
10389,1
10390,0
10391,1
10392,1
10393,1
10394,1
10395,1
10396,1
10397,1
10398,0
10399,0
10400,0
10401,0
10402,0
10403,0
10404,0
10405,1
10406,0
10407,0
10408,1
10409,0
10410,0
10411,1
10412,1
10413,1
10414,1
10415,1
10416,1
10417,1
10418,1
10419,1
10420,1
10421,1
10422,1
10423,1
10424,1
10425,1
10426,1
10427,1
10428,1
10429,1
10430,1
10431,1
10432,1
10433,1
10434,1
10435,0
10436,1
10437,0
10438,0
10439,1
10440,1
10441,0
10442,1
10443,0
10444,1
10445,1
10446,1
10447,1
10448,0
10449,0
10450,0
10451,1
10452,1
10453,1
10454,0
10455,0
10456,1
10457,1
10458,0
10459,1
10460,1
10461,1
10462,0
10463,1
10464,1
10465,1
10466,0
10467,1
10468,0
10469,0
10470,1
10471,1
10472,1
10473,1
10474,1
10475,1
10476,1
10477,1
10478,1
10479,1
10480,0
10481,1
10482,1
10483,1
10484,1
10485,1
10486,1
10487,1
10488,1
10489,1
10490,1
10491,0
10492,1
10493,1
10494,1
10495,0
10496,0
10497,1
10498,1
10499,1
10500,1
10501,1
10502,1
10503,1
10504,1
10505,1
10506,1
10507,1
10508,1
10509,1
10510,1
10511,1
10512,1
10513,0
10514,1
10515,1
10516,0
10517,1
10518,1
10519,1
10520,1
10521,0
10522,0
10523,1
10524,1
10525,1
10526,1
10527,0
10528,1
10529,1
10530,1
10531,1
10532,1
10533,1
10534,0
10535,1
10536,1
10537,1
10538,1
10539,0
10540,0
10541,1
10542,1
10543,1
10544,1
10545,1
10546,1
10547,1
10548,1
10549,1
10550,1
10551,0
10552,1
10553,1
10554,1
10555,1
10556,1
10557,1
10558,0
10559,1
10560,1
10561,1
10562,1
10563,1
10564,1
10565,1
10566,0
10567,1
10568,1
10569,0
10570,1
10571,0
10572,1
10573,1
10574,1
10575,1
10576,1
10577,1
10578,1
10579,1
10580,1
10581,1
10582,1
10583,1
10584,1
10585,1
10586,0
10587,0
10588,1
10589,0
10590,0
10591,0
10592,1
10593,1
10594,1
10595,1
10596,1
10597,1
10598,1
10599,1
10600,1
10601,1
10602,1
10603,1
10604,1
10605,1
10606,1
10607,1
10608,1
10609,1
10610,1
10611,1
10612,1
10613,1
10614,1
10615,1
10616,1
10617,1
10618,1
10619,1
10620,1
10621,0
10622,1
10623,1
10624,0
10625,0
10626,1
10627,1
10628,0
10629,0
10630,1
10631,1
10632,1
10633,1
10634,1
10635,0
10636,1
10637,1
10638,1
10639,1
10640,1
10641,1
10642,1
10643,1
10644,1
10645,1
10646,1
10647,1
10648,0
10649,1
10650,1
10651,1
10652,1
10653,1
10654,1
10655,1
10656,1
10657,1
10658,0
10659,1
10660,1
10661,1
10662,0
10663,0
10664,1
10665,1
10666,1
10667,1
10668,1
10669,1
10670,1
10671,0
10672,1
10673,0
10674,0
10675,1
10676,1
10677,1
10678,0
10679,0
10680,0
10681,0
10682,1
10683,1
10684,0
10685,1
10686,1
10687,1
10688,1
10689,0
10690,0
10691,1
10692,0
10693,0
10694,0
10695,0
10696,1
10697,1
10698,1
10699,1
10700,0
10701,1
10702,1
10703,0
10704,1
10705,0
10706,1
10707,0
10708,1
10709,1
10710,1
10711,0
10712,1
10713,1
10714,0
10715,1
10716,0
10717,0
10718,1
10719,0
10720,1
10721,1
10722,1
10723,1
10724,1
10725,1
10726,1
10727,1
10728,1
10729,1
10730,1
10731,1
10732,1
10733,1
10734,1
10735,1
10736,1
10737,1
10738,1
10739,1
10740,1
10741,1
10742,1
10743,1
10744,1
10745,0
10746,1
10747,1
10748,1
10749,1
10750,1
10751,1
10752,1
10753,1
10754,1
10755,1
10756,0
10757,0
10758,1
10759,1
10760,1
10761,1
10762,1
10763,1
10764,1
10765,1
10766,1
10767,1
10768,1
10769,1
10770,0
10771,0
10772,1
10773,1
10774,1
10775,1
10776,1
10777,1
10778,1
10779,1
10780,1
10781,1
10782,1
10783,1
10784,1
10785,1
10786,1
10787,1
10788,1
10789,1
10790,0
10791,1
10792,1
10793,0
10794,1
10795,0
10796,1
10797,0
10798,0
10799,1
10800,0
10801,0
10802,1
10803,1
10804,1
10805,1
10806,1
10807,1
10808,1
10809,1
10810,1
10811,0
10812,0
10813,0
10814,1
10815,0
10816,0
10817,0
10818,1
10819,1
10820,1
10821,1
10822,1
10823,1
10824,1
10825,1
10826,1
10827,1
10828,1
10829,1
10830,1
10831,1
10832,1
10833,1
10834,1
10835,1
10836,1
10837,1
10838,1
10839,1
10840,1
10841,1
10842,1
10843,1
10844,1
10845,1
10846,1
10847,1
10848,1
10849,0
10850,0
10851,1
10852,1
10853,0
10854,1
10855,1
10856,1
10857,1
10858,0
10859,1
10860,1
10861,1
10862,1
10863,1
10864,1
10865,1
10866,1
10867,1
10868,1
10869,1
10870,1
10871,1
10872,1
10873,1
10874,1
10875,1
10876,1
10877,1
10878,1
10879,1
10880,1
10881,1
10882,1
10883,1
10884,0
10885,1
10886,1
10887,1
10888,0
10889,1
10890,1
10891,1
10892,1
10893,1
10894,1
10895,1
10896,1
10897,1
10898,1
10899,1
10900,0
10901,1
10902,1
10903,1
10904,0
10905,1
10906,1
10907,1
10908,1
10909,0
10910,1
10911,1
10912,1
10913,0
10914,1
10915,0
10916,0
10917,0
10918,1
10919,1
10920,1
10921,1
10922,1
10923,1
10924,1
10925,1
10926,1
10927,1
10928,1
10929,1
10930,1
10931,1
10932,1
10933,1
10934,1
10935,1
10936,1
10937,1
10938,1
10939,1
10940,0
10941,1
10942,0
10943,1
10944,1
10945,1
10946,1
10947,1
10948,1
10949,1
10950,1
10951,1
10952,1
10953,1
10954,1
10955,1
10956,1
10957,1
10958,1
10959,1
10960,1
10961,1
10962,1
10963,1
10964,1
10965,1
10966,1
10967,1
10968,1
10969,1
10970,1
10971,1
10972,1
10973,1
10974,1
10975,1
10976,1
10977,1
10978,1
10979,0
10980,1
10981,1
10982,0
10983,1
10984,1
10985,1
10986,0
10987,1
10988,0
10989,1
10990,1
10991,0
10992,1
10993,1
10994,1
10995,0
10996,1
10997,1
10998,1
10999,1
11000,1
11001,1
11002,1
11003,1
11004,1
11005,1
11006,0
11007,0
11008,0
11009,1
11010,1
11011,1
11012,1
11013,1
11014,1
11015,1
11016,1
11017,1
11018,1
11019,1
11020,1
11021,0
11022,1
11023,1
11024,1
11025,1
11026,0
11027,1
11028,1
11029,0
11030,0
11031,0
11032,1
11033,0
11034,1
11035,1
11036,0
11037,0
11038,0
11039,1
11040,0
11041,0
11042,0
11043,1
11044,1
11045,1
11046,1
11047,1
11048,1
11049,1
11050,1
11051,1
11052,1
11053,1
11054,1
11055,1
11056,1
11057,1
11058,1
11059,1
11060,1
11061,1
11062,1
11063,1
11064,1
11065,1
11066,1
11067,1
11068,1
11069,1
11070,1
11071,1
11072,1
11073,1
11074,1
11075,1
11076,1
11077,1
11078,1
11079,1
11080,1
11081,1
11082,1
11083,1
11084,1
11085,1
11086,1
11087,1
11088,1
11089,1
11090,1
11091,1
11092,1
11093,1
11094,1
11095,1
11096,1
11097,1
11098,1
11099,1
11100,1
11101,1
11102,1
11103,1
11104,1
11105,1
11106,1
11107,1
11108,1
11109,0
11110,1
11111,1
11112,0
11113,1
11114,1
11115,1
11116,1
11117,1
11118,1
11119,1
11120,0
11121,1
11122,1
11123,0
11124,0
11125,0
11126,1
11127,1
11128,1
11129,1
11130,1
11131,1
11132,1
11133,1
11134,1
11135,1
11136,1
11137,0
11138,1
11139,0
11140,1
11141,1
11142,1
11143,0
11144,1
11145,1
11146,1
11147,1
11148,1
11149,0
11150,1
11151,1
11152,1
11153,0
11154,1
11155,0
11156,0
11157,0
11158,1
11159,1
11160,1
11161,1
11162,1
11163,1
11164,1
11165,1
11166,0
11167,1
11168,1
11169,1
11170,0
11171,1
11172,1
11173,1
11174,1
11175,1
11176,1
11177,1
11178,1
11179,1
11180,1
11181,1
11182,1
11183,1
11184,1
11185,1
11186,1
11187,1
11188,1
11189,1
11190,1
11191,1
11192,1
11193,1
11194,1
11195,1
11196,1
11197,1
11198,1
11199,1
11200,1
11201,1
11202,0
11203,0
11204,1
11205,0
11206,1
11207,1
11208,0
11209,1
11210,0
11211,0
11212,0
11213,1
11214,1
11215,1
11216,0
11217,1
11218,1
11219,1
11220,1
11221,1
11222,1
11223,1
11224,1
11225,1
11226,0
11227,1
11228,0
11229,1
11230,1
11231,1
11232,1
11233,1
11234,1
11235,1
11236,1
11237,1
11238,1
11239,1
11240,1
11241,0
11242,0
11243,0
11244,1
11245,1
11246,1
11247,1
11248,1
11249,1
11250,1
11251,0
11252,0
11253,1
11254,1
11255,1
11256,1
11257,0
11258,1
11259,0
11260,0
11261,0
11262,0
11263,1
11264,1
11265,1
11266,0
11267,1
11268,1
11269,1
11270,1
11271,1
11272,1
11273,1
11274,1
11275,1
11276,1
11277,1
11278,1
11279,1
11280,1
11281,1
11282,1
11283,1
11284,1
11285,1
11286,1
11287,0
11288,0
11289,1
11290,0
11291,1
11292,1
11293,1
11294,1
11295,1
11296,1
11297,1
11298,1
11299,1
11300,1
11301,1
11302,1
11303,1
11304,1
11305,1
11306,1
11307,1
11308,1
11309,1
11310,1
11311,1
11312,1
11313,1
11314,1
11315,1
11316,1
11317,1
11318,1
11319,1
11320,1
11321,1
11322,1
11323,1
11324,1
11325,1
11326,1
11327,1
11328,1
11329,0
11330,1
11331,0
11332,1
11333,1
11334,0
11335,0
11336,0
11337,0
11338,1
11339,1
11340,1
11341,1
11342,1
11343,1
11344,1
11345,1
11346,1
11347,1
11348,0
11349,0
11350,0
11351,0
11352,1
11353,1
11354,1
11355,1
11356,1
11357,1
11358,1
11359,1
11360,0
11361,1
11362,1
11363,1
11364,1
11365,1
11366,1
11367,0
11368,0
11369,1
11370,0
11371,1
11372,0
11373,1
11374,1
11375,1
11376,1
11377,1
11378,1
11379,1
11380,1
11381,1
11382,1
11383,1
11384,1
11385,0
11386,0
11387,1
11388,1
11389,1
11390,1
11391,0
11392,1
11393,1
11394,0
11395,0
11396,1
11397,1
11398,0
11399,1
11400,1
11401,1
11402,1
11403,1
11404,1
11405,1
11406,1
11407,1
11408,1
11409,1
11410,1
11411,1
11412,1
11413,1
11414,0
11415,1
11416,1
11417,1
11418,1
11419,1
11420,1
11421,1
11422,1
11423,1
11424,1
11425,1
11426,1
11427,1
11428,1
11429,0
11430,0
11431,0
11432,1
11433,1
11434,1
11435,1
11436,1
11437,0
11438,1
11439,1
11440,1
11441,1
11442,1
11443,1
11444,1
11445,1
11446,1
11447,0
11448,0
11449,1
11450,1
11451,1
11452,0
11453,0
11454,1
11455,1
11456,1
11457,1
11458,1
11459,1
11460,1
11461,1
11462,0
11463,1
11464,1
11465,1
11466,1
11467,1
11468,1
11469,1
11470,1
11471,1
11472,1
11473,1
11474,1
11475,1
11476,0
11477,1
11478,1
11479,0
11480,0
11481,1
11482,1
11483,0
11484,0
11485,1
11486,1
11487,1
11488,0
11489,0
11490,1
11491,1
11492,1
11493,1
11494,1
11495,1
11496,1
11497,1
11498,0
11499,1
11500,1
11501,1
11502,1
11503,1
11504,1
11505,1
11506,1
11507,1
11508,1
11509,1
11510,1
11511,1
11512,1
11513,1
11514,1
11515,1
11516,1
11517,0
11518,1
11519,1
11520,1
11521,1
11522,1
11523,1
11524,1
11525,1
11526,1
11527,1
11528,1
11529,0
11530,1
11531,1
11532,1
11533,1
11534,1
11535,1
11536,1
11537,1
11538,1
11539,1
11540,1
11541,1
11542,1
11543,1
11544,1
11545,1
11546,1
11547,1
11548,1
11549,1
11550,1
11551,1
11552,1
11553,1
11554,1
11555,1
11556,1
11557,1
11558,0
11559,0
11560,0
11561,0
11562,0
11563,0
11564,1
11565,1
11566,1
11567,0
11568,0
11569,1
11570,0
11571,1
11572,1
11573,0
11574,0
11575,0
11576,0
11577,1
11578,0
11579,1
11580,1
11581,1
11582,1
11583,1
11584,1
11585,1
11586,1
11587,1
11588,0
11589,1
11590,0
11591,1
11592,0
11593,1
11594,1
11595,1
11596,1
11597,1
11598,1
11599,0
11600,1
11601,0
11602,1
11603,0
11604,1
11605,1
11606,0
11607,1
11608,1
11609,1
11610,1
11611,1
11612,1
11613,1
11614,1
11615,1
11616,1
11617,0
11618,1
11619,0
11620,1
11621,1
11622,1
11623,1
11624,1
11625,1
11626,1
11627,1
11628,1
11629,1
11630,1
11631,1
11632,1
11633,1
11634,1
11635,1
11636,1
11637,1
11638,1
11639,1
11640,1
11641,1
11642,1
11643,1
11644,1
11645,0
11646,1
11647,1
11648,1
11649,1
11650,1
11651,1
11652,0
11653,0
11654,1
11655,0
11656,0
11657,1
11658,1
11659,1
11660,1
11661,1
11662,1
11663,1
11664,1
11665,1
11666,1
11667,1
11668,1
11669,0
11670,0
11671,1
11672,0
11673,1
11674,1
11675,1
11676,1
11677,1
11678,1
11679,1
11680,1
11681,1
11682,0
11683,0
11684,0
11685,0
11686,0
11687,1
11688,1
11689,1
11690,1
11691,1
11692,1
11693,0
11694,1
11695,1
11696,0
11697,1
11698,1
11699,1
11700,1
11701,1
11702,1
11703,1
11704,0
11705,0
11706,0
11707,1
11708,1
11709,1
11710,1
11711,1
11712,0
11713,0
11714,0
11715,1
11716,1
11717,0
11718,1
11719,1
11720,1
11721,1
11722,1
11723,1
11724,1
11725,1
11726,0
11727,1
11728,1
11729,1
11730,1
11731,1
11732,1
11733,1
11734,1
11735,1
11736,1
11737,1
11738,1
11739,1
11740,1
11741,1
11742,1
11743,1
11744,1
11745,1
11746,1
11747,1
11748,1
11749,0
11750,1
11751,1
11752,1
11753,1
11754,1
11755,1
11756,1
11757,1
11758,1
11759,1
11760,1
11761,1
11762,1
11763,1
11764,1
11765,1
11766,1
11767,1
11768,1
11769,1
11770,1
11771,1
11772,1
11773,1
11774,1
11775,1
11776,1
11777,1
11778,1
11779,1
11780,1
11781,1
11782,1
11783,1
11784,0
11785,1
11786,1
11787,1
11788,0
11789,1
11790,1
11791,1
11792,1
11793,1
11794,0
11795,1
11796,1
11797,1
11798,0
11799,0
11800,0
11801,0
11802,0
11803,1
11804,0
11805,1
11806,1
11807,0
11808,0
11809,1
11810,1
11811,1
11812,1
11813,0
11814,0
11815,1
11816,0
11817,0
11818,1
11819,0
11820,0
11821,1
11822,1
11823,0
11824,1
11825,1
11826,1
11827,1
11828,1
11829,1
11830,1
11831,1
11832,0
11833,1
11834,0
11835,1
11836,0
11837,1
11838,0
11839,1
11840,1
11841,1
11842,1
11843,1
11844,1
11845,0
11846,1
11847,0
11848,1
11849,1
11850,1
11851,1
11852,1
11853,1
11854,1
11855,1
11856,1
11857,1
11858,1
11859,1
11860,1
11861,1
11862,1
11863,1
11864,1
11865,1
11866,1
11867,1
11868,1
11869,0
11870,1
11871,1
11872,1
11873,1
11874,1
11875,1
11876,1
11877,0
11878,0
11879,1
11880,0
11881,1
11882,1
11883,0
11884,0
11885,0
11886,1
11887,1
11888,1
11889,1
11890,1
11891,1
11892,1
11893,1
11894,1
11895,1
11896,1
11897,0
11898,1
11899,1
11900,1
11901,0
11902,1
11903,1
11904,0
11905,1
11906,1
11907,1
11908,1
11909,1
11910,1
11911,0
11912,1
11913,1
11914,1
11915,1
11916,0
11917,1
11918,1
11919,1
11920,1
11921,1
11922,1
11923,0
11924,1
11925,1
11926,1
11927,1
11928,0
11929,0
11930,0
11931,0
11932,0
11933,1
11934,1
11935,1
11936,1
11937,1
11938,0
11939,0
11940,1
11941,0
11942,0
11943,1
11944,1
11945,1
11946,1
11947,1
11948,1
11949,1
11950,1
11951,1
11952,1
11953,1
11954,0
11955,1
11956,1
11957,1
11958,1
11959,1
11960,1
11961,1
11962,1
11963,1
11964,0
11965,1
11966,1
11967,1
11968,1
11969,1
11970,1
11971,1
11972,1
11973,1
11974,0
11975,0
11976,0
11977,1
11978,0
11979,1
11980,1
11981,1
11982,1
11983,1
11984,1
11985,0
11986,0
11987,1
11988,1
11989,1
11990,1
11991,1
11992,1
11993,1
11994,1
11995,1
11996,1
11997,1
11998,1
11999,1
12000,1
12001,1
12002,1
12003,1
12004,1
12005,0
12006,1
12007,1
12008,0
12009,0
12010,1
12011,1
12012,1
12013,1
12014,1
12015,1
12016,1
12017,1
12018,1
12019,1
12020,1
12021,0
12022,1
12023,1
12024,0
12025,1
12026,1
12027,1
12028,1
12029,1
12030,0
12031,1
12032,1
12033,0
12034,1
12035,1
12036,0
12037,1
12038,1
12039,0
12040,0
12041,0
12042,0
12043,0
12044,0
12045,0
12046,0
12047,0
12048,0
12049,1
12050,1
12051,1
12052,1
12053,1
12054,1
12055,1
12056,1
12057,1
12058,0
12059,1
12060,1
12061,1
12062,1
12063,1
12064,1
12065,1
12066,1
12067,1
12068,1
12069,0
12070,1
12071,1
12072,1
12073,0
12074,1
12075,1
12076,1
12077,1
12078,1
12079,1
12080,1
12081,1
12082,1
12083,1
12084,1
12085,1
12086,1
12087,1
12088,1
12089,1
12090,1
12091,1
12092,1
12093,1
12094,1
12095,1
12096,1
12097,1
12098,1
12099,0
12100,1
12101,0
12102,0
12103,0
12104,1
12105,1
12106,1
12107,1
12108,0
12109,1
12110,0
12111,1
12112,1
12113,1
12114,1
12115,1
12116,1
12117,0
12118,1
12119,1
12120,0
12121,1
12122,0
12123,0
12124,0
12125,1
12126,1
12127,0
12128,1
12129,1
12130,1
12131,1
12132,1
12133,1
12134,1
12135,1
12136,1
12137,1
12138,1
12139,1
12140,0
12141,1
12142,1
12143,1
12144,1
12145,0
12146,1
12147,0
12148,1
12149,0
12150,1
12151,0
12152,1
12153,1
12154,1
12155,0
12156,0
12157,0
12158,1
12159,1
12160,1
12161,1
12162,0
12163,0
12164,1
12165,1
12166,0
12167,0
12168,1
12169,1
12170,1
12171,1
12172,1
12173,1
12174,1
12175,1
12176,1
12177,0
12178,0
12179,0
12180,1
12181,1
12182,1
12183,1
12184,1
12185,1
12186,1
12187,1
12188,1
12189,1
12190,1
12191,1
12192,1
12193,1
12194,1
12195,1
12196,1
12197,1
12198,1
12199,1
12200,0
12201,0
12202,1
12203,1
12204,0
12205,1
12206,1
12207,0
12208,0
12209,1
12210,0
12211,1
12212,1
12213,1
12214,1
12215,0
12216,1
12217,1
12218,1
12219,1
12220,1
12221,1
12222,1
12223,1
12224,1
12225,1
12226,1
12227,1
12228,1
12229,1
12230,1
12231,0
12232,1
12233,1
12234,1
12235,1
12236,1
12237,1
12238,1
12239,1
12240,0
12241,1
12242,1
12243,1
12244,0
12245,1
12246,1
12247,0
12248,0
12249,1
12250,0
12251,1
12252,0
12253,1
12254,1
12255,1
12256,1
12257,1
12258,1
12259,1
12260,1
12261,1
12262,0
12263,1
12264,1
12265,1
12266,0
12267,1
12268,1
12269,1
12270,0
12271,0
12272,0
12273,1
12274,1
12275,1
12276,1
12277,0
12278,0
12279,1
12280,1
12281,1
12282,1
12283,1
12284,0
12285,1
12286,0
12287,1
12288,1
12289,1
12290,1
12291,0
12292,1
12293,1
12294,1
12295,1
12296,1
12297,1
12298,1
12299,1
12300,1
12301,1
12302,1
12303,1
12304,1
12305,1
12306,1
12307,1
12308,1
12309,1
12310,1
12311,1
12312,1
12313,1
12314,1
12315,1
12316,1
12317,1
12318,1
12319,1
12320,0
12321,1
12322,1
12323,1
12324,1
12325,1
12326,1
12327,1
12328,1
12329,1
12330,1
12331,1
12332,1
12333,0
12334,1
12335,1
12336,1
12337,1
12338,1
12339,1
12340,1
12341,0
12342,1
12343,1
12344,1
12345,1
12346,1
12347,1
12348,1
12349,1
12350,0
12351,1
12352,1
12353,1
12354,0
12355,1
12356,1
12357,1
12358,1
12359,1
12360,1
12361,1
12362,1
12363,1
12364,0
12365,0
12366,1
12367,1
12368,1
12369,1
12370,1
12371,0
12372,1
12373,0
12374,1
12375,1
12376,1
12377,1
12378,0
12379,1
12380,0
12381,0
12382,0
12383,1
12384,1
12385,1
12386,1
12387,1
12388,0
12389,0
12390,0
12391,0
12392,0
12393,0
12394,0
12395,1
12396,1
12397,1
12398,1
12399,1
12400,1
12401,0
12402,0
12403,1
12404,1
12405,1
12406,0
12407,1
12408,1
12409,1
12410,1
12411,1
12412,1
12413,1
12414,1
12415,1
12416,1
12417,1
12418,1
12419,0
12420,1
12421,1
12422,1
12423,1
12424,1
12425,0
12426,0
12427,0
12428,1
12429,1
12430,1
12431,1
12432,0
12433,0
12434,0
12435,1
12436,1
12437,1
12438,1
12439,1
12440,1
12441,1
12442,1
12443,0
12444,1
12445,1
12446,1
12447,1
12448,1
12449,1
12450,1
12451,1
12452,1
12453,1
12454,1
12455,1
12456,1
12457,1
12458,1
12459,0
12460,1
12461,1
12462,1
12463,0
12464,1
12465,1
12466,1
12467,0
12468,1
12469,1
12470,1
12471,1
12472,1
12473,1
12474,0
12475,0
12476,1
12477,1
12478,1
12479,1
12480,0
12481,0
12482,1
12483,1
12484,0
12485,1
12486,1
12487,1
12488,1
12489,1
12490,1
12491,0
12492,1
12493,1
12494,0
12495,0
12496,0
12497,1
12498,0
12499,1
12500,1
12501,1
12502,1
12503,1
12504,0
12505,1
12506,1
12507,1
12508,1
12509,1
12510,1
12511,0
12512,1
12513,1
12514,1
12515,1
12516,1
12517,1
12518,1
12519,1
12520,1
12521,1
12522,1
12523,1
12524,1
12525,1
12526,1
12527,1
12528,1
12529,1
12530,1
12531,1
12532,1
12533,1
12534,1
12535,1
12536,1
12537,1
12538,1
12539,1
12540,1
12541,1
12542,1
12543,1
12544,1
12545,0
12546,1
12547,0
12548,0
12549,1
12550,0
12551,0
12552,1
12553,1
12554,0
12555,0
12556,1
12557,1
12558,1
12559,1
12560,0
12561,0
12562,1
12563,1
12564,1
12565,1
12566,1
12567,0
12568,1
12569,1
12570,1
12571,0
12572,1
12573,1
12574,1
12575,1
12576,1
12577,1
12578,1
12579,1
12580,1
12581,1
12582,1
12583,1
12584,1
12585,1
12586,1
12587,0
12588,1
12589,1
12590,1
12591,1
12592,1
12593,1
12594,0
12595,1
12596,1
12597,1
12598,1
12599,0
12600,1
12601,0
12602,1
12603,0
12604,1
12605,0
12606,0
12607,0
12608,0
12609,1
12610,1
12611,1
12612,1
12613,1
12614,1
12615,0
12616,0
12617,0
12618,0
12619,0
12620,1
12621,0
12622,1
12623,1
12624,1
12625,1
12626,1
12627,1
12628,1
12629,1
12630,1
12631,0
12632,1
12633,0
12634,1
12635,1
12636,1
12637,1
12638,1
12639,1
12640,1
12641,1
12642,1
12643,0
12644,1
12645,1
12646,1
12647,1
12648,1
12649,1
12650,1
12651,1
12652,1
12653,1
12654,0
12655,1
12656,0
12657,1
12658,0
12659,1
12660,0
12661,1
12662,1
12663,1
12664,1
12665,1
12666,1
12667,0
12668,1
12669,1
12670,1
12671,1
12672,1
12673,1
12674,1
12675,1
12676,1
12677,1
12678,1
12679,1
12680,1
12681,1
12682,1
12683,1
12684,1
12685,1
12686,1
12687,1
12688,0
12689,1
12690,1
12691,0
12692,1
12693,1
12694,0
12695,1
12696,0
12697,1
12698,0
12699,0
12700,1
12701,0
12702,0
12703,1
12704,0
12705,0
12706,1
12707,1
12708,1
12709,1
12710,1
12711,0
12712,1
12713,1
12714,0
12715,0
12716,0
12717,0
12718,0
12719,1
12720,0
12721,0
12722,1
12723,1
12724,1
12725,0
12726,1
12727,1
12728,0
12729,1
12730,1
12731,1
12732,1
12733,1
12734,1
12735,1
12736,0
12737,0
12738,1
12739,1
12740,0
12741,1
12742,1
12743,1
12744,1
12745,0
12746,1
12747,1
12748,1
12749,1
12750,1
12751,1
12752,1
12753,1
12754,1
12755,1
12756,1
12757,1
12758,1
12759,1
12760,1
12761,1
12762,1
12763,1
12764,1
12765,1
12766,1
12767,1
12768,1
12769,1
12770,1
12771,1
12772,1
12773,1
12774,1
12775,1
12776,1
12777,1
12778,1
12779,0
12780,1
12781,0
12782,1
12783,1
12784,1
12785,1
12786,1
12787,1
12788,1
12789,1
12790,0
12791,1
12792,0
12793,1
12794,1
12795,1
12796,1
12797,1
12798,1
12799,0
12800,1
12801,1
12802,1
12803,1
12804,0
12805,0
12806,0
12807,1
12808,1
12809,1
12810,1
12811,1
12812,1
12813,0
12814,1
12815,1
12816,1
12817,1
12818,1
12819,1
12820,1
12821,1
12822,0
12823,1
12824,1
12825,1
12826,1
12827,1
12828,1
12829,1
12830,1
12831,0
12832,0
12833,0
12834,0
12835,1
12836,1
12837,1
12838,0
12839,0
12840,0
12841,0
12842,0
12843,1
12844,1
12845,0
12846,1
12847,1
12848,1
12849,1
12850,1
12851,0
12852,0
12853,1
12854,1
12855,1
12856,1
12857,0
12858,1
12859,0
12860,0
12861,1
12862,1
12863,1
12864,1
12865,1
12866,1
12867,0
12868,1
12869,1
12870,1
12871,1
12872,1
12873,1
12874,1
12875,1
12876,1
12877,1
12878,1
12879,1
12880,1
12881,1
12882,1
12883,1
12884,0
12885,1
12886,1
12887,1
12888,1
12889,1
12890,1
12891,1
12892,1
12893,1
12894,1
12895,1
12896,1
12897,1
12898,1
12899,1
12900,1
12901,1
12902,1
12903,1
12904,1
12905,1
12906,1
12907,1
12908,1
12909,1
12910,0
12911,0
12912,1
12913,0
12914,1
12915,1
12916,1
12917,1
12918,1
12919,0
12920,0
12921,1
12922,0
12923,0
12924,0
12925,1
12926,0
12927,1
12928,0
12929,1
12930,1
12931,0
12932,1
12933,1
12934,1
12935,1
12936,1
12937,1
12938,0
12939,0
12940,1
12941,1
12942,0
12943,0
12944,0
12945,0
12946,0
12947,0
12948,0
12949,1
12950,0
12951,1
12952,0
12953,1
12954,1
12955,1
12956,1
12957,0
12958,1
12959,1
12960,0
12961,1
12962,1
12963,1
12964,1
12965,1
12966,1
12967,0
12968,1
12969,1
12970,1
12971,1
12972,1
12973,0
12974,1
12975,1
12976,1
12977,1
12978,1
12979,1
12980,1
12981,1
12982,1
12983,1
12984,1
12985,1
12986,1
12987,1
12988,1
12989,1
12990,1
12991,1
12992,1
12993,1
12994,1
12995,0
12996,1
12997,0
12998,1
12999,1
13000,0
13001,1
13002,1
13003,1
13004,1
13005,1
13006,1
13007,0
13008,0
13009,1
13010,1
13011,0
13012,1
13013,0
13014,1
13015,1
13016,1
13017,1
13018,0
13019,0
13020,0
13021,1
13022,1
13023,1
13024,1
13025,1
13026,1
13027,1
13028,1
13029,1
13030,1
13031,1
13032,1
13033,1
13034,1
13035,1
13036,0
13037,1
13038,1
13039,1
13040,1
13041,0
13042,1
13043,1
13044,1
13045,0
13046,0
13047,1
13048,0
13049,0
13050,1
13051,0
13052,0
13053,1
13054,0
13055,0
13056,0
13057,0
13058,0
13059,1
13060,1
13061,1
13062,1
13063,1
13064,1
13065,0
13066,1
13067,0
13068,0
13069,0
13070,0
13071,0
13072,1
13073,1
13074,1
13075,1
13076,1
13077,1
13078,1
13079,1
13080,0
13081,0
13082,0
13083,1
13084,1
13085,0
13086,1
13087,1
13088,1
13089,1
13090,1
13091,1
13092,1
13093,1
13094,1
13095,1
13096,1
13097,1
13098,1
13099,1
13100,1
13101,1
13102,1
13103,1
13104,1
13105,1
13106,1
13107,1
13108,1
13109,1
13110,1
13111,1
13112,1
13113,1
13114,1
13115,1
13116,1
13117,1
13118,1
13119,1
13120,1
13121,1
13122,1
13123,1
13124,1
13125,1
13126,1
13127,1
13128,1
13129,1
13130,1
13131,1
13132,1
13133,1
13134,0
13135,1
13136,1
13137,1
13138,0
13139,1
13140,1
13141,0
13142,1
13143,1
13144,1
13145,1
13146,1
13147,0
13148,0
13149,1
13150,0
13151,0
13152,0
13153,0
13154,1
13155,0
13156,0
13157,1
13158,0
13159,1
13160,0
13161,1
13162,1
13163,0
13164,0
13165,1
13166,0
13167,0
13168,0
13169,0
13170,0
13171,0
13172,0
13173,1
13174,0
13175,1
13176,1
13177,1
13178,1
13179,0
13180,1
13181,1
13182,0
13183,1
13184,1
13185,1
13186,1
13187,1
13188,0
13189,1
13190,1
13191,1
13192,1
13193,1
13194,1
13195,1
13196,1
13197,1
13198,1
13199,1
13200,1
13201,1
13202,1
13203,1
13204,1
13205,1
13206,1
13207,1
13208,1
13209,1
13210,1
13211,1
13212,1
13213,1
13214,1
13215,1
13216,1
13217,1
13218,1
13219,1
13220,1
13221,1
13222,1
13223,1
13224,0
13225,0
13226,0
13227,1
13228,0
13229,1
13230,1
13231,1
13232,1
13233,1
13234,1
13235,0
13236,1
13237,1
13238,1
13239,1
13240,1
13241,1
13242,1
13243,1
13244,1
13245,0
13246,1
13247,0
13248,0
13249,1
13250,1
13251,1
13252,1
13253,1
13254,1
13255,1
13256,1
13257,1
13258,1
13259,1
13260,0
13261,1
13262,1
13263,1
13264,1
13265,0
13266,1
13267,1
13268,0
13269,1
13270,1
13271,1
13272,1
13273,1
13274,1
13275,1
13276,0
13277,0
13278,1
13279,0
13280,0
13281,0
13282,0
13283,1
13284,0
13285,1
13286,1
13287,1
13288,1
13289,0
13290,0
13291,0
13292,0
13293,0
13294,0
13295,0
13296,0
13297,1
13298,1
13299,1
13300,1
13301,1
13302,1
13303,1
13304,0
13305,1
13306,0
13307,1
13308,0
13309,1
13310,1
13311,0
13312,1
13313,1
13314,1
13315,0
13316,1
13317,1
13318,1
13319,1
13320,1
13321,1
13322,1
13323,1
13324,1
13325,1
13326,1
13327,1
13328,1
13329,1
13330,1
13331,1
13332,1
13333,1
13334,1
13335,1
13336,1
13337,1
13338,1
13339,1
13340,1
13341,1
13342,1
13343,1
13344,1
13345,1
13346,1
13347,1
13348,1
13349,1
13350,1
13351,1
13352,1
13353,1
13354,0
13355,1
13356,1
13357,1
13358,1
13359,0
13360,0
13361,1
13362,1
13363,1
13364,1
13365,1
13366,1
13367,1
13368,1
13369,1
13370,1
13371,1
13372,1
13373,1
13374,1
13375,1
13376,0
13377,0
13378,0
13379,1
13380,0
13381,0
13382,1
13383,1
13384,1
13385,1
13386,1
13387,1
13388,1
13389,1
13390,1
13391,0
13392,0
13393,1
13394,0
13395,0
13396,0
13397,0
13398,1
13399,0
13400,1
13401,1
13402,0
13403,1
13404,1
13405,0
13406,0
13407,1
13408,1
13409,1
13410,1
13411,1
13412,0
13413,1
13414,1
13415,1
13416,1
13417,1
13418,0
13419,1
13420,1
13421,1
13422,1
13423,1
13424,1
13425,1
13426,1
13427,1
13428,1
13429,1
13430,1
13431,1
13432,1
13433,1
13434,1
13435,1
13436,1
13437,1
13438,1
13439,1
13440,1
13441,1
13442,1
13443,1
13444,1
13445,1
13446,1
13447,0
13448,0
13449,1
13450,1
13451,0
13452,1
13453,1
13454,0
13455,1
13456,0
13457,1
13458,1
13459,1
13460,1
13461,0
13462,1
13463,0
13464,1
13465,0
13466,1
13467,1
13468,1
13469,1
13470,1
13471,1
13472,1
13473,1
13474,0
13475,1
13476,1
13477,1
13478,1
13479,1
13480,0
13481,1
13482,1
13483,0
13484,0
13485,1
13486,1
13487,1
13488,1
13489,1
13490,1
13491,1
13492,0
13493,1
13494,1
13495,1
13496,1
13497,1
13498,1
13499,1
13500,1
13501,0
13502,0
13503,0
13504,0
13505,0
13506,1
13507,1
13508,1
13509,1
13510,1
13511,1
13512,1
13513,1
13514,1
13515,1
13516,0
13517,0
13518,0
13519,1
13520,0
13521,0
13522,1
13523,1
13524,1
13525,1
13526,1
13527,0
13528,1
13529,1
13530,1
13531,1
13532,1
13533,1
13534,0
13535,1
13536,1
13537,1
13538,1
13539,1
13540,0
13541,1
13542,1
13543,1
13544,1
13545,1
13546,1
13547,1
13548,1
13549,1
13550,1
13551,1
13552,1
13553,1
13554,1
13555,1
13556,1
13557,1
13558,1
13559,1
13560,1
13561,1
13562,1
13563,1
13564,1
13565,1
13566,1
13567,1
13568,1
13569,1
13570,1
13571,1
13572,1
13573,1
13574,1
13575,1
13576,1
13577,1
13578,1
13579,1
13580,1
13581,1
13582,1
13583,0
13584,1
13585,1
13586,1
13587,1
13588,1
13589,1
13590,1
13591,1
13592,1
13593,1
13594,1
13595,1
13596,1
13597,0
13598,0
13599,1
13600,1
13601,0
13602,0
13603,0
13604,1
13605,1
13606,1
13607,1
13608,1
13609,1
13610,1
13611,1
13612,1
13613,0
13614,1
13615,0
13616,1
13617,1
13618,1
13619,1
13620,1
13621,1
13622,1
13623,0
13624,1
13625,1
13626,1
13627,0
13628,1
13629,1
13630,1
13631,1
13632,1
13633,1
13634,1
13635,1
13636,0
13637,0
13638,1
13639,1
13640,0
13641,0
13642,1
13643,1
13644,1
13645,1
13646,1
13647,1
13648,1
13649,0
13650,1
13651,1
13652,1
13653,1
13654,1
13655,1
13656,1
13657,1
13658,1
13659,1
13660,1
13661,1
13662,1
13663,1
13664,1
13665,1
13666,1
13667,1
13668,1
13669,1
13670,1
13671,1
13672,0
13673,1
13674,0
13675,1
13676,1
13677,1
13678,0
13679,1
13680,1
13681,1
13682,0
13683,0
13684,1
13685,1
13686,0
13687,1
13688,1
13689,1
13690,1
13691,1
13692,1
13693,1
13694,1
13695,1
13696,1
13697,1
13698,1
13699,1
13700,1
13701,0
13702,1
13703,1
13704,1
13705,1
13706,0
13707,1
13708,1
13709,1
13710,0
13711,1
13712,0
13713,1
13714,1
13715,1
13716,1
13717,0
13718,0
13719,0
13720,1
13721,1
13722,0
13723,1
13724,0
13725,1
13726,0
13727,0
13728,0
13729,0
13730,0
13731,1
13732,1
13733,0
13734,0
13735,1
13736,1
13737,1
13738,1
13739,1
13740,1
13741,0
13742,0
13743,0
13744,1
13745,1
13746,0
13747,1
13748,1
13749,1
13750,1
13751,1
13752,1
13753,0
13754,0
13755,0
13756,0
13757,1
13758,1
13759,1
13760,1
13761,1
13762,1
13763,0
13764,0
13765,0
13766,1
13767,1
13768,1
13769,1
13770,1
13771,1
13772,1
13773,1
13774,1
13775,1
13776,1
13777,1
13778,1
13779,1
13780,1
13781,1
13782,1
13783,1
13784,1
13785,1
13786,1
13787,1
13788,1
13789,1
13790,1
13791,1
13792,1
13793,1
13794,1
13795,1
13796,1
13797,1
13798,1
13799,1
13800,1
13801,1
13802,1
13803,1
13804,1
13805,1
13806,1
13807,1
13808,1
13809,1
13810,1
13811,1
13812,1
13813,1
13814,0
13815,1
13816,1
13817,1
13818,1
13819,1
13820,1
13821,0
13822,0
13823,0
13824,1
13825,0
13826,0
13827,1
13828,0
13829,0
13830,0
13831,1
13832,1
13833,1
13834,1
13835,0
13836,1
13837,1
13838,1
13839,1
13840,1
13841,1
13842,1
13843,1
13844,0
13845,1
13846,1
13847,1
13848,0
13849,0
13850,0
13851,1
13852,1
13853,1
13854,1
13855,1
13856,1
13857,1
13858,1
13859,0
13860,1
13861,1
13862,1
13863,1
13864,0
13865,1
13866,0
13867,1
13868,1
13869,1
13870,1
13871,0
13872,0
13873,1
13874,1
13875,1
13876,0
13877,1
13878,1
13879,1
13880,1
13881,1
13882,1
13883,1
13884,1
13885,1
13886,1
13887,1
13888,1
13889,1
13890,1
13891,1
13892,1
13893,1
13894,1
13895,1
13896,1
13897,1
13898,1
13899,1
13900,1
13901,0
13902,1
13903,1
13904,0
13905,1
13906,1
13907,1
13908,0
13909,1
13910,0
13911,0
13912,1
13913,0
13914,1
13915,1
13916,1
13917,1
13918,1
13919,1
13920,1
13921,1
13922,0
13923,1
13924,1
13925,0
13926,1
13927,1
13928,1
13929,0
13930,0
13931,0
13932,1
13933,1
13934,1
13935,1
13936,0
13937,0
13938,0
13939,0
13940,1
13941,1
13942,1
13943,1
13944,1
13945,1
13946,1
13947,1
13948,1
13949,1
13950,1
13951,0
13952,0
13953,0
13954,0
13955,0
13956,0
13957,0
13958,0
13959,0
13960,0
13961,0
13962,0
13963,0
13964,0
13965,0
13966,0
13967,0
13968,0
13969,1
13970,1
13971,1
13972,1
13973,1
13974,1
13975,1
13976,0
13977,0
13978,0
13979,0
13980,1
13981,1
13982,1
13983,1
13984,1
13985,1
13986,1
13987,1
13988,1
13989,1
13990,1
13991,1
13992,1
13993,1
13994,1
13995,1
13996,1
13997,1
13998,1
13999,1
14000,1
14001,1
14002,1
14003,1
14004,1
14005,1
14006,1
14007,1
14008,1
14009,1
14010,1
14011,1
14012,1
14013,1
14014,1
14015,1
14016,1
14017,1
14018,1
14019,1
14020,1
14021,1
14022,1
14023,1
14024,1
14025,0
14026,0
14027,1
14028,0
14029,1
14030,0
14031,1
14032,1
14033,1
14034,1
14035,1
14036,1
14037,1
14038,1
14039,1
14040,1
14041,1
14042,0
14043,1
14044,1
14045,1
14046,1
14047,1
14048,0
14049,0
14050,0
14051,0
14052,0
14053,0
14054,0
14055,0
14056,1
14057,1
14058,1
14059,1
14060,1
14061,1
14062,1
14063,0
14064,1
14065,1
14066,1
14067,0
14068,1
14069,1
14070,0
14071,0
14072,0
14073,0
14074,0
14075,1
14076,0
14077,1
14078,1
14079,1
14080,1
14081,0
14082,1
14083,1
14084,1
14085,1
14086,1
14087,1
14088,0
14089,1
14090,0
14091,1
14092,1
14093,0
14094,1
14095,1
14096,0
14097,1
14098,1
14099,1
14100,1
14101,1
14102,1
14103,1
14104,1
14105,1
14106,1
14107,1
14108,1
14109,1
14110,1
14111,1
14112,1
14113,1
14114,1
14115,1
14116,1
14117,1
14118,1
14119,1
14120,1
14121,1
14122,0
14123,0
14124,0
14125,1
14126,1
14127,1
14128,1
14129,1
14130,1
14131,0
14132,1
14133,1
14134,1
14135,0
14136,1
14137,0
14138,1
14139,1
14140,0
14141,0
14142,1
14143,1
14144,0
14145,1
14146,1
14147,1
14148,1
14149,1
14150,1
14151,1
14152,1
14153,0
14154,0
14155,0
14156,1
14157,1
14158,1
14159,1
14160,1
14161,0
14162,1
14163,1
14164,0
14165,1
14166,1
14167,1
14168,1
14169,1
14170,1
14171,0
14172,1
14173,1
14174,0
14175,0
14176,0
14177,0
14178,1
14179,0
14180,0
14181,0
14182,1
14183,0
14184,0
14185,1
14186,0
14187,0
14188,0
14189,0
14190,1
14191,0
14192,0
14193,0
14194,0
14195,1
14196,1
14197,0
14198,1
14199,1
14200,1
14201,0
14202,1
14203,0
14204,0
14205,0
14206,1
14207,1
14208,1
14209,1
14210,1
14211,1
14212,1
14213,0
14214,1
14215,1
14216,0
14217,1
14218,1
14219,1
14220,1
14221,1
14222,1
14223,1
14224,1
14225,1
14226,1
14227,1
14228,1
14229,1
14230,1
14231,1
14232,1
14233,1
14234,1
14235,1
14236,1
14237,1
14238,1
14239,1
14240,1
14241,1
14242,1
14243,1
14244,1
14245,1
14246,1
14247,1
14248,0
14249,1
14250,1
14251,0
14252,1
14253,1
14254,1
14255,1
14256,0
14257,1
14258,1
14259,1
14260,1
14261,0
14262,0
14263,0
14264,1
14265,1
14266,1
14267,1
14268,1
14269,1
14270,1
14271,1
14272,1
14273,1
14274,0
14275,1
14276,1
14277,1
14278,1
14279,0
14280,1
14281,1
14282,1
14283,0
14284,0
14285,1
14286,1
14287,1
14288,0
14289,1
14290,1
14291,1
14292,0
14293,1
14294,0
14295,0
14296,1
14297,0
14298,0
14299,0
14300,1
14301,1
14302,1
14303,0
14304,1
14305,1
14306,1
14307,1
14308,1
14309,1
14310,1
14311,1
14312,1
14313,1
14314,0
14315,0
14316,1
14317,0
14318,1
14319,1
14320,1
14321,1
14322,1
14323,0
14324,1
14325,1
14326,1
14327,1
14328,1
14329,1
14330,1
14331,1
14332,1
14333,1
14334,1
14335,1
14336,1
14337,1
14338,1
14339,1
14340,1
14341,1
14342,1
14343,1
14344,1
14345,1
14346,1
14347,1
14348,1
14349,1
14350,1
14351,1
14352,1
14353,1
14354,0
14355,1
14356,0
14357,0
14358,0
14359,1
14360,0
14361,1
14362,0
14363,0
14364,1
14365,0
14366,1
14367,1
14368,1
14369,1
14370,1
14371,1
14372,0
14373,1
14374,1
14375,0
14376,1
14377,0
14378,1
14379,1
14380,0
14381,1
14382,0
14383,1
14384,1
14385,1
14386,1
14387,1
14388,1
14389,1
14390,1
14391,1
14392,1
14393,0
14394,1
14395,1
14396,1
14397,1
14398,1
14399,0
14400,1
14401,1
14402,1
14403,0
14404,0
14405,0
14406,1
14407,1
14408,1
14409,1
14410,1
14411,0
14412,0
14413,0
14414,1
14415,1
14416,1
14417,1
14418,1
14419,1
14420,1
14421,1
14422,1
14423,1
14424,1
14425,1
14426,1
14427,1
14428,1
14429,1
14430,0
14431,0
14432,1
14433,1
14434,1
14435,1
14436,1
14437,1
14438,0
14439,1
14440,1
14441,1
14442,1
14443,1
14444,1
14445,1
14446,1
14447,1
14448,1
14449,1
14450,1
14451,1
14452,1
14453,1
14454,1
14455,1
14456,1
14457,1
14458,1
14459,1
14460,1
14461,1
14462,1
14463,1
14464,1
14465,1
14466,1
14467,1
14468,1
14469,1
14470,1
14471,1
14472,1
14473,1
14474,1
14475,1
14476,1
14477,1
14478,1
14479,1
14480,0
14481,0
14482,1
14483,1
14484,1
14485,0
14486,1
14487,1
14488,1
14489,1
14490,1
14491,0
14492,1
14493,1
14494,1
14495,1
14496,1
14497,1
14498,1
14499,0
14500,0
14501,1
14502,0
14503,1
14504,0
14505,1
14506,0
14507,1
14508,1
14509,1
14510,1
14511,0
14512,1
14513,1
14514,1
14515,0
14516,1
14517,1
14518,0
14519,0
14520,1
14521,1
14522,1
14523,0
14524,1
14525,1
14526,1
14527,1
14528,0
14529,0
14530,1
14531,1
14532,1
14533,0
14534,0
14535,0
14536,1
14537,1
14538,0
14539,1
14540,0
14541,1
14542,1
14543,0
14544,1
14545,0
14546,1
14547,1
14548,1
14549,1
14550,1
14551,1
14552,1
14553,1
14554,1
14555,1
14556,1
14557,1
14558,1
14559,1
14560,1
14561,1
14562,1
14563,1
14564,1
14565,1
14566,1
14567,1
14568,1
14569,1
14570,1
14571,0
14572,1
14573,1
14574,1
14575,1
14576,1
14577,1
14578,1
14579,0
14580,0
14581,1
14582,1
14583,0
14584,1
14585,1
14586,1
14587,0
14588,1
14589,0
14590,1
14591,1
14592,1
14593,0
14594,0
14595,1
14596,1
14597,1
14598,1
14599,1
14600,0
14601,1
14602,1
14603,1
14604,1
14605,1
14606,0
14607,1
14608,1
14609,1
14610,1
14611,1
14612,0
14613,0
14614,0
14615,1
14616,1
14617,1
14618,1
14619,1
14620,1
14621,1
14622,1
14623,1
14624,1
14625,0
14626,1
14627,1
14628,0
14629,0
14630,0
14631,1
14632,0
14633,1
14634,1
14635,1
14636,1
14637,0
14638,0
14639,0
14640,1
14641,1
14642,1
14643,1
14644,1
14645,1
14646,1
14647,1
14648,0
14649,1
14650,0
14651,1
14652,1
14653,0
14654,1
14655,1
14656,1
14657,1
14658,1
14659,1
14660,1
14661,1
14662,1
14663,1
14664,1
14665,1
14666,1
14667,1
14668,1
14669,1
14670,1
14671,1
14672,0
14673,1
14674,1
14675,1
14676,1
14677,1
14678,1
14679,1
14680,1
14681,1
14682,1
14683,1
14684,1
14685,1
14686,1
14687,0
14688,0
14689,1
14690,1
14691,1
14692,1
14693,1
14694,1
14695,1
14696,1
14697,0
14698,1
14699,1
14700,1
14701,1
14702,1
14703,1
14704,1
14705,0
14706,0
14707,1
14708,1
14709,0
14710,1
14711,0
14712,1
14713,1
14714,1
14715,1
14716,1
14717,0
14718,1
14719,0
14720,0
14721,0
14722,1
14723,1
14724,1
14725,0
14726,1
14727,1
14728,1
14729,1
14730,1
14731,0
14732,0
14733,1
14734,1
14735,1
14736,1
14737,1
14738,0
14739,1
14740,0
14741,1
14742,1
14743,1
14744,1
14745,1
14746,1
14747,1
14748,1
14749,1
14750,1
14751,0
14752,1
14753,1
14754,1
14755,0
14756,1
14757,0
14758,1
14759,1
14760,1
14761,0
14762,0
14763,1
14764,0
14765,1
14766,1
14767,0
14768,1
14769,0
14770,1
14771,1
14772,0
14773,1
14774,1
14775,1
14776,1
14777,1
14778,1
14779,1
14780,1
14781,1
14782,1
14783,1
14784,1
14785,1
14786,1
14787,1
14788,1
14789,1
14790,1
14791,1
14792,1
14793,1
14794,1
14795,0
14796,1
14797,0
14798,1
14799,1
14800,1
14801,1
14802,1
14803,1
14804,0
14805,0
14806,0
14807,1
14808,1
14809,1
14810,1
14811,0
14812,1
14813,1
14814,0
14815,1
14816,0
14817,1
14818,0
14819,0
14820,1
14821,0
14822,1
14823,1
14824,1
14825,1
14826,1
14827,1
14828,0
14829,1
14830,1
14831,0
14832,1
14833,1
14834,0
14835,1
14836,0
14837,0
14838,1
14839,1
14840,1
14841,1
14842,1
14843,1
14844,0
14845,1
14846,0
14847,1
14848,1
14849,1
14850,1
14851,1
14852,1
14853,1
14854,1
14855,0
14856,0
14857,0
14858,1
14859,0
14860,1
14861,0
14862,0
14863,0
14864,0
14865,0
14866,1
14867,1
14868,1
14869,1
14870,0
14871,0
14872,1
14873,1
14874,1
14875,1
14876,1
14877,1
14878,1
14879,0
14880,1
14881,1
14882,0
14883,1
14884,0
14885,1
14886,1
14887,0
14888,1
14889,1
14890,1
14891,1
14892,1
14893,1
14894,1
14895,1
14896,1
14897,1
14898,1
14899,1
14900,1
14901,1
14902,1
14903,0
14904,0
14905,1
14906,1
14907,1
14908,1
14909,1
14910,1
14911,1
14912,1
14913,1
14914,1
14915,1
14916,1
14917,1
14918,1
14919,1
14920,1
14921,0
14922,0
14923,0
14924,1
14925,1
14926,0
14927,1
14928,1
14929,1
14930,0
14931,1
14932,1
14933,0
14934,1
14935,1
14936,1
14937,1
14938,1
14939,1
14940,1
14941,1
14942,1
14943,1
14944,1
14945,0
14946,1
14947,1
14948,1
14949,1
14950,0
14951,1
14952,1
14953,1
14954,1
14955,1
14956,0
14957,0
14958,1
14959,1
14960,1
14961,0
14962,0
14963,1
14964,0
14965,0
14966,1
14967,1
14968,1
14969,0
14970,0
14971,1
14972,0
14973,1
14974,0
14975,0
14976,0
14977,0
14978,0
14979,0
14980,1
14981,1
14982,0
14983,1
14984,1
14985,1
14986,1
14987,1
14988,0
14989,1
14990,1
14991,0
14992,0
14993,0
14994,1
14995,1
14996,1
14997,1
14998,1
14999,0
15000,1
15001,1
15002,1
15003,1
15004,1
15005,1
15006,1
15007,1
15008,1
15009,1
15010,1
15011,1
15012,1
15013,1
15014,1
15015,1
15016,0
15017,1
15018,1
15019,1
15020,1
15021,1
15022,1
15023,0
15024,1
15025,1
15026,0
15027,1
15028,0
15029,1
15030,1
15031,1
15032,1
15033,1
15034,1
15035,1
15036,1
15037,1
15038,1
15039,1
15040,1
15041,1
15042,0
15043,1
15044,1
15045,1
15046,1
15047,1
15048,1
15049,1
15050,1
15051,0
15052,1
15053,1
15054,1
15055,0
15056,1
15057,0
15058,1
15059,1
15060,1
15061,1
15062,1
15063,1
15064,0
15065,1
15066,0
15067,1
15068,0
15069,1
15070,0
15071,1
15072,1
15073,1
15074,0
15075,1
15076,1
15077,1
15078,1
15079,0
15080,0
15081,0
15082,0
15083,1
15084,1
15085,1
15086,1
15087,1
15088,1
15089,1
15090,1
15091,1
15092,1
15093,1
15094,0
15095,0
15096,0
15097,1
15098,1
15099,1
15100,1
15101,1
15102,1
15103,1
15104,0
15105,1
15106,1
15107,1
15108,0
15109,1
15110,1
15111,1
15112,0
15113,1
15114,0
15115,0
15116,1
15117,1
15118,1
15119,0
15120,1
15121,0
15122,0
15123,1
15124,1
15125,1
15126,1
15127,1
15128,1
15129,1
15130,1
15131,1
15132,1
15133,1
15134,1
15135,1
15136,1
15137,0
15138,1
15139,1
15140,1
15141,1
15142,1
15143,1
15144,1
15145,1
15146,0
15147,0
15148,1
15149,1
15150,0
15151,0
15152,0
15153,1
15154,0
15155,0
15156,1
15157,1
15158,0
15159,1
15160,1
15161,1
15162,1
15163,1
15164,1
15165,1
15166,0
15167,0
15168,1
15169,0
15170,1
15171,1
15172,0
15173,1
15174,1
15175,0
15176,1
15177,1
15178,0
15179,1
15180,1
15181,0
15182,1
15183,1
15184,1
15185,0
15186,1
15187,0
15188,0
15189,1
15190,1
15191,0
15192,1
15193,1
15194,1
15195,1
15196,1
15197,1
15198,1
15199,0
15200,1
15201,0
15202,1
15203,0
15204,1
15205,0
15206,1
15207,0
15208,0
15209,0
15210,1
15211,1
15212,1
15213,1
15214,1
15215,0
15216,0
15217,0
15218,0
15219,1
15220,0
15221,0
15222,0
15223,1
15224,1
15225,1
15226,1
15227,1
15228,1
15229,1
15230,1
15231,1
15232,1
15233,1
15234,1
15235,1
15236,1
15237,1
15238,1
15239,1
15240,1
15241,0
15242,1
15243,1
15244,1
15245,1
15246,1
15247,0
15248,0
15249,1
15250,1
15251,1
15252,0
15253,0
15254,1
15255,1
15256,1
15257,1
15258,1
15259,1
15260,1
15261,1
15262,1
15263,0
15264,1
15265,1
15266,1
15267,1
15268,1
15269,0
15270,1
15271,1
15272,1
15273,1
15274,1
15275,1
15276,1
15277,0
15278,1
15279,0
15280,1
15281,0
15282,1
15283,1
15284,1
15285,0
15286,1
15287,0
15288,1
15289,0
15290,1
15291,0
15292,1
15293,0
15294,0
15295,1
15296,1
15297,1
15298,1
15299,0
15300,0
15301,0
15302,1
15303,0
15304,1
15305,1
15306,0
15307,1
15308,1
15309,1
15310,1
15311,1
15312,0
15313,0
15314,1
15315,1
15316,1
15317,1
15318,0
15319,0
15320,0
15321,0
15322,1
15323,1
15324,1
15325,1
15326,1
15327,0
15328,1
15329,0
15330,1
15331,1
15332,0
15333,0
15334,0
15335,1
15336,1
15337,1
15338,1
15339,1
15340,1
15341,1
15342,1
15343,1
15344,1
15345,0
15346,0
15347,1
15348,1
15349,0
15350,1
15351,0
15352,1
15353,1
15354,1
15355,1
15356,1
15357,1
15358,0
15359,0
15360,1
15361,1
15362,0
15363,1
15364,1
15365,1
15366,1
15367,1
15368,1
15369,1
15370,1
15371,0
15372,0
15373,1
15374,1
15375,0
15376,1
15377,1
15378,0
15379,0
15380,0
15381,1
15382,1
15383,1
15384,0
15385,0
15386,1
15387,1
15388,1
15389,1
15390,1
15391,1
15392,1
15393,1
15394,1
15395,1
15396,1
15397,1
15398,0
15399,1
15400,1
15401,0
15402,0
15403,1
15404,1
15405,1
15406,1
15407,0
15408,1
15409,1
15410,0
15411,0
15412,0
15413,0
15414,0
15415,0
15416,0
15417,1
15418,0
15419,0
15420,1
15421,0
15422,1
15423,0
15424,1
15425,1
15426,1
15427,1
15428,1
15429,0
15430,0
15431,0
15432,0
15433,0
15434,1
15435,1
15436,1
15437,1
15438,1
15439,1
15440,0
15441,1
15442,0
15443,1
15444,0
15445,0
15446,1
15447,1
15448,1
15449,1
15450,1
15451,1
15452,1
15453,1
15454,1
15455,1
15456,1
15457,1
15458,1
15459,1
15460,1
15461,1
15462,0
15463,1
15464,1
15465,1
15466,1
15467,1
15468,1
15469,1
15470,1
15471,1
15472,0
15473,1
15474,0
15475,1
15476,1
15477,0
15478,1
15479,0
15480,1
15481,1
15482,0
15483,1
15484,0
15485,1
15486,1
15487,1
15488,1
15489,1
15490,1
15491,1
15492,0
15493,1
15494,1
15495,1
15496,1
15497,1
15498,1
15499,0
15500,0
15501,0
15502,1
15503,1
15504,1
15505,0
15506,1
15507,1
15508,0
15509,1
15510,1
15511,1
15512,0
15513,1
15514,1
15515,1
15516,0
15517,1
15518,1
15519,1
15520,1
15521,1
15522,0
15523,0
15524,0
15525,0
15526,1
15527,0
15528,0
15529,1
15530,1
15531,1
15532,1
15533,1
15534,1
15535,1
15536,1
15537,0
15538,0
15539,0
15540,1
15541,1
15542,1
15543,0
15544,0
15545,1
15546,1
15547,1
15548,1
15549,1
15550,1
15551,0
15552,0
15553,1
15554,1
15555,1
15556,1
15557,0
15558,0
15559,0
15560,0
15561,1
15562,1
15563,0
15564,1
15565,1
15566,1
15567,1
15568,1
15569,1
15570,1
15571,1
15572,1
15573,1
15574,1
15575,1
15576,1
15577,1
15578,1
15579,1
15580,1
15581,1
15582,1
15583,0
15584,1
15585,1
15586,1
15587,1
15588,1
15589,1
15590,1
15591,1
15592,1
15593,1
15594,1
15595,1
15596,1
15597,1
15598,1
15599,1
15600,1
15601,1
15602,0
15603,0
15604,0
15605,0
15606,0
15607,0
15608,0
15609,0
15610,1
15611,1
15612,0
15613,1
15614,1
15615,1
15616,1
15617,1
15618,0
15619,1
15620,0
15621,0
15622,1
15623,1
15624,1
15625,1
15626,1
15627,0
15628,1
15629,1
15630,1
15631,0
15632,0
15633,0
15634,0
15635,1
15636,1
15637,0
15638,0
15639,1
15640,1
15641,1
15642,1
15643,1
15644,1
15645,1
15646,1
15647,1
15648,0
15649,1
15650,1
15651,1
15652,1
15653,1
15654,1
15655,0
15656,0
15657,1
15658,1
15659,1
15660,0
15661,1
15662,1
15663,1
15664,0
15665,1
15666,1
15667,1
15668,0
15669,1
15670,0
15671,0
15672,1
15673,0
15674,1
15675,0
15676,1
15677,1
15678,1
15679,0
15680,1
15681,1
15682,1
15683,1
15684,1
15685,1
15686,1
15687,1
15688,1
15689,1
15690,1
15691,1
15692,1
15693,1
15694,1
15695,1
15696,1
15697,1
15698,1
15699,1
15700,1
15701,1
15702,1
15703,1
15704,0
15705,0
15706,0
15707,1
15708,1
15709,1
15710,0
15711,1
15712,0
15713,1
15714,1
15715,1
15716,1
15717,0
15718,1
15719,1
15720,1
15721,1
15722,1
15723,1
15724,1
15725,1
15726,1
15727,1
15728,0
15729,0
15730,0
15731,1
15732,1
15733,1
15734,1
15735,1
15736,1
15737,1
15738,1
15739,1
15740,0
15741,0
15742,0
15743,1
15744,1
15745,1
15746,0
15747,1
15748,1
15749,0
15750,1
15751,0
15752,0
15753,0
15754,0
15755,1
15756,1
15757,1
15758,1
15759,1
15760,1
15761,1
15762,0
15763,0
15764,0
15765,1
15766,1
15767,1
15768,0
15769,1
15770,1
15771,1
15772,1
15773,1
15774,1
15775,1
15776,1
15777,0
15778,1
15779,1
15780,0
15781,1
15782,0
15783,1
15784,0
15785,0
15786,0
15787,1
15788,1
15789,1
15790,1
15791,1
15792,1
15793,1
15794,1
15795,0
15796,0
15797,1
15798,0
15799,1
15800,1
15801,1
15802,1
15803,1
15804,0
15805,0
15806,0
15807,1
15808,1
15809,0
15810,1
15811,0
15812,0
15813,1
15814,1
15815,1
15816,1
15817,1
15818,1
15819,1
15820,0
15821,1
15822,1
15823,1
15824,1
15825,0
15826,1
15827,1
15828,1
15829,1
15830,0
15831,0
15832,1
15833,0
15834,0
15835,0
15836,1
15837,1
15838,0
15839,1
15840,1
15841,1
15842,1
15843,1
15844,1
15845,1
15846,1
15847,1
15848,1
15849,1
15850,1
15851,1
15852,0
15853,0
15854,0
15855,1
15856,1
15857,1
15858,0
15859,0
15860,0
15861,0
15862,0
15863,0
15864,0
15865,1
15866,1
15867,1
15868,1
15869,1
15870,1
15871,1
15872,0
15873,1
15874,0
15875,1
15876,1
15877,1
15878,1
15879,1
15880,0
15881,0
15882,1
15883,1
15884,1
15885,0
15886,1
15887,1
15888,0
15889,0
15890,0
15891,1
15892,1
15893,1
15894,0
15895,1
15896,1
15897,1
15898,1
15899,0
15900,1
15901,1
15902,1
15903,1
15904,1
15905,1
15906,1
15907,1
15908,1
15909,1
15910,1
15911,1
15912,1
15913,1
15914,1
15915,1
15916,1
15917,1
15918,1
15919,1
15920,1
15921,1
15922,0
15923,1
15924,1
15925,1
15926,1
15927,1
15928,1
15929,1
15930,0
15931,1
15932,1
15933,1
15934,1
15935,0
15936,0
15937,0
15938,1
15939,1
15940,1
15941,0
15942,1
15943,1
15944,1
15945,1
15946,1
15947,1
15948,1
15949,0
15950,1
15951,0
15952,1
15953,0
15954,1
15955,0
15956,0
15957,0
15958,1
15959,1
15960,1
15961,0
15962,1
15963,1
15964,1
15965,1
15966,1
15967,1
15968,0
15969,0
15970,1
15971,1
15972,1
15973,1
15974,1
15975,1
15976,1
15977,0
15978,1
15979,0
15980,1
15981,1
15982,1
15983,1
15984,1
15985,1
15986,0
15987,0
15988,0
15989,0
15990,1
15991,1
15992,1
15993,1
15994,1
15995,1
15996,1
15997,1
15998,1
15999,1
16000,1
16001,1
16002,1
16003,1
16004,1
16005,1
16006,0
16007,1
16008,1
16009,0
16010,1
16011,1
16012,1
16013,1
16014,1
16015,1
16016,1
16017,1
16018,1
16019,1
16020,1
16021,1
16022,0
16023,1
16024,1
16025,1
16026,1
16027,0
16028,1
16029,1
16030,1
16031,1
16032,0
16033,1
16034,1
16035,1
16036,1
16037,1
16038,1
16039,1
16040,1
16041,1
16042,1
16043,1
16044,1
16045,1
16046,0
16047,1
16048,1
16049,1
16050,1
16051,1
16052,1
16053,0
16054,1
16055,0
16056,0
16057,0
16058,0
16059,0
16060,1
16061,1
16062,1
16063,1
16064,1
16065,1
16066,1
16067,1
16068,1
16069,0
16070,0
16071,1
16072,1
16073,0
16074,1
16075,0
16076,0
16077,1
16078,1
16079,1
16080,1
16081,1
16082,0
16083,1
16084,0
16085,1
16086,0
16087,1
16088,0
16089,0
16090,0
16091,0
16092,1
16093,1
16094,1
16095,1
16096,1
16097,1
16098,0
16099,1
16100,1
16101,1
16102,0
16103,1
16104,1
16105,1
16106,1
16107,1
16108,1
16109,1
16110,1
16111,0
16112,1
16113,1
16114,0
16115,1
16116,0
16117,1
16118,1
16119,0
16120,1
16121,1
16122,1
16123,1
16124,1
16125,1
16126,1
16127,1
16128,1
16129,1
16130,1
16131,1
16132,1
16133,1
16134,1
16135,1
16136,1
16137,1
16138,1
16139,1
16140,1
16141,1
16142,1
16143,1
16144,1
16145,1
16146,1
16147,1
16148,1
16149,1
16150,0
16151,1
16152,0
16153,1
16154,1
16155,1
16156,1
16157,1
16158,1
16159,0
16160,1
16161,1
16162,1
16163,1
16164,1
16165,1
16166,1
16167,1
16168,1
16169,1
16170,1
16171,1
16172,1
16173,1
16174,1
16175,1
16176,0
16177,0
16178,1
16179,0
16180,1
16181,0
16182,1
16183,0
16184,1
16185,1
16186,0
16187,0
16188,0
16189,1
16190,1
16191,1
16192,0
16193,1
16194,0
16195,0
16196,1
16197,1
16198,1
16199,1
16200,1
16201,1
16202,0
16203,1
16204,0
16205,0
16206,1
16207,1
16208,1
16209,1
16210,1
16211,1
16212,0
16213,0
16214,1
16215,1
16216,1
16217,1
16218,1
16219,1
16220,1
16221,1
16222,1
16223,1
16224,1
16225,0
16226,1
16227,0
16228,1
16229,1
16230,0
16231,0
16232,1
16233,1
16234,1
16235,1
16236,0
16237,1
16238,1
16239,1
16240,1
16241,1
16242,1
16243,1
16244,1
16245,1
16246,1
16247,1
16248,1
16249,1
16250,1
16251,1
16252,1
16253,0
16254,1
16255,1
16256,0
16257,1
16258,0
16259,1
16260,1
16261,1
16262,1
16263,1
16264,1
16265,1
16266,0
16267,1
16268,1
16269,1
16270,1
16271,1
16272,1
16273,1
16274,1
16275,1
16276,1
16277,0
16278,1
16279,1
16280,1
16281,1
16282,1
16283,1
16284,1
16285,0
16286,0
16287,1
16288,1
16289,1
16290,0
16291,0
16292,1
16293,1
16294,1
16295,1
16296,1
16297,1
16298,0
16299,0
16300,1
16301,1
16302,1
16303,0
16304,1
16305,1
16306,1
16307,1
16308,1
16309,1
16310,0
16311,0
16312,1
16313,1
16314,0
16315,0
16316,0
16317,0
16318,0
16319,1
16320,0
16321,1
16322,1
16323,0
16324,0
16325,1
16326,1
16327,0
16328,1
16329,1
16330,1
16331,0
16332,1
16333,1
16334,1
16335,1
16336,0
16337,1
16338,1
16339,1
16340,1
16341,1
16342,1
16343,1
16344,1
16345,1
16346,0
16347,0
16348,1
16349,0
16350,1
16351,0
16352,1
16353,1
16354,1
16355,1
16356,1
16357,1
16358,1
16359,1
16360,1
16361,1
16362,1
16363,1
16364,1
16365,1
16366,1
16367,1
16368,1
16369,1
16370,1
16371,1
16372,1
16373,0
16374,0
16375,1
16376,1
16377,1
16378,1
16379,1
16380,1
16381,1
16382,1
16383,1
16384,1
16385,1
16386,0
16387,1
16388,1
16389,0
16390,0
16391,1
16392,1
16393,0
16394,1
16395,0
16396,0
16397,1
16398,1
16399,1
16400,0
16401,1
16402,0
16403,1
16404,0
16405,0
16406,1
16407,1
16408,1
16409,0
16410,0
16411,0
16412,1
16413,0
16414,1
16415,1
16416,1
16417,0
16418,0
16419,1
16420,1
16421,1
16422,0
16423,0
16424,1
16425,1
16426,1
16427,1
16428,1
16429,0
16430,1
16431,1
16432,1
16433,1
16434,1
16435,1
16436,1
16437,1
16438,1
16439,1
16440,1
16441,1
16442,1
16443,1
16444,1
16445,1
16446,1
16447,1
16448,1
16449,1
16450,1
16451,1
16452,1
16453,1
16454,1
16455,0
16456,0
16457,1
16458,0
16459,1
16460,1
16461,1
16462,1
16463,1
16464,1
16465,1
16466,1
16467,1
16468,1
16469,1
16470,1
16471,1
16472,1
16473,1
16474,1
16475,1
16476,1
16477,1
16478,0
16479,0
16480,1
16481,1
16482,0
16483,0
16484,0
16485,1
16486,1
16487,1
16488,1
16489,1
16490,1
16491,1
16492,1
16493,1
16494,1
16495,1
16496,1
16497,1
16498,1
16499,1
16500,1
16501,1
16502,1
16503,1
16504,1
16505,1
16506,1
16507,1
16508,1
16509,1
16510,1
16511,1
16512,1
16513,1
16514,0
16515,1
16516,0
16517,1
16518,1
16519,1
16520,1
16521,1
16522,1
16523,0
16524,0
16525,1
16526,1
16527,0
16528,0
16529,0
16530,0
16531,1
16532,1
16533,1
16534,1
16535,0
16536,0
16537,0
16538,0
16539,0
16540,1
16541,0
16542,0
16543,0
16544,1
16545,1
16546,0
16547,1
16548,0
16549,1
16550,0
16551,0
16552,0
16553,1
16554,1
16555,1
16556,1
16557,0
16558,0
16559,1
16560,1
16561,0
16562,0
16563,0
16564,1
16565,1
16566,0
16567,1
16568,1
16569,1
16570,0
16571,1
16572,1
16573,1
16574,1
16575,0
16576,1
16577,1
16578,1
16579,1
16580,1
16581,1
16582,1
16583,1
16584,1
16585,1
16586,1
16587,1
16588,1
16589,1
16590,1
16591,1
16592,1
16593,1
16594,1
16595,1
16596,1
16597,1
16598,1
16599,0
16600,1
16601,0
16602,1
16603,1
16604,0
16605,1
16606,1
16607,0
16608,1
16609,1
16610,1
16611,1
16612,0
16613,0
16614,1
16615,1
16616,1
16617,0
16618,1
16619,1
16620,1
16621,1
16622,1
16623,1
16624,0
16625,0
16626,1
16627,0
16628,0
16629,0
16630,1
16631,0
16632,1
16633,1
16634,1
16635,1
16636,0
16637,1
16638,1
16639,1
16640,0
16641,1
16642,1
16643,1
16644,1
16645,1
16646,1
16647,1
16648,1
16649,1
16650,1
16651,0
16652,1
16653,1
16654,0
16655,1
16656,1
16657,1
16658,1
16659,1
16660,1
16661,1
16662,1
16663,1
16664,1
16665,1
16666,1
16667,1
16668,1
16669,1
16670,1
16671,1
16672,1
16673,1
16674,1
16675,1
16676,1
16677,1
16678,1
16679,1
16680,1
16681,1
16682,1
16683,1
16684,1
16685,1
16686,1
16687,1
16688,1
16689,0
16690,1
16691,1
16692,1
16693,1
16694,1
16695,1
16696,1
16697,0
16698,1
16699,1
16700,1
16701,1
16702,1
16703,1
16704,1
16705,0
16706,0
16707,0
16708,0
16709,0
16710,0
16711,1
16712,0
16713,1
16714,1
16715,1
16716,1
16717,1
16718,1
16719,1
16720,1
16721,1
16722,1
16723,1
16724,0
16725,1
16726,1
16727,1
16728,1
16729,1
16730,1
16731,1
16732,1
16733,0
16734,1
16735,1
16736,1
16737,1
16738,1
16739,1
16740,0
16741,1
16742,1
16743,0
16744,1
16745,0
16746,1
16747,1
16748,0
16749,1
16750,1
16751,1
16752,0
16753,0
16754,0
16755,0
16756,1
16757,0
16758,1
16759,0
16760,1
16761,0
16762,0
16763,1
16764,0
16765,0
16766,1
16767,1
16768,1
16769,1
16770,1
16771,1
16772,1
16773,1
16774,1
16775,1
16776,0
16777,1
16778,1
16779,1
16780,1
16781,1
16782,1
16783,1
16784,0
16785,1
16786,0
16787,0
16788,0
16789,1
16790,0
16791,0
16792,1
16793,1
16794,1
16795,1
16796,1
16797,1
16798,1
16799,0
16800,0
16801,1
16802,1
16803,1
16804,1
16805,1
16806,1
16807,1
16808,1
16809,1
16810,1
16811,1
16812,1
16813,1
16814,1
16815,1
16816,0
16817,1
16818,1
16819,1
16820,1
16821,0
16822,1
16823,1
16824,0
16825,1
16826,1
16827,1
16828,0
16829,1
16830,1
16831,1
16832,1
16833,0
16834,1
16835,1
16836,1
16837,0
16838,1
16839,0
16840,1
16841,1
16842,0
16843,1
16844,1
16845,1
16846,0
16847,1
16848,1
16849,1
16850,1
16851,1
16852,1
16853,0
16854,1
16855,0
16856,0
16857,0
16858,0
16859,0
16860,1
16861,1
16862,1
16863,0
16864,1
16865,1
16866,1
16867,0
16868,1
16869,1
16870,1
16871,1
16872,1
16873,1
16874,1
16875,1
16876,1
16877,1
16878,1
16879,1
16880,1
16881,1
16882,1
16883,1
16884,1
16885,1
16886,1
16887,1
16888,1
16889,1
16890,1
16891,1
16892,1
16893,1
16894,0
16895,1
16896,1
16897,1
16898,1
16899,1
16900,1
16901,0
16902,1
16903,1
16904,0
16905,0
16906,1
16907,1
16908,1
16909,1
16910,1
16911,1
16912,1
16913,1
16914,1
16915,1
16916,1
16917,1
16918,1
16919,1
16920,1
16921,1
16922,1
16923,1
16924,1
16925,1
16926,1
16927,1
16928,1
16929,1
16930,1
16931,0
16932,0
16933,0
16934,0
16935,0
16936,1
16937,1
16938,1
16939,1
16940,1
16941,1
16942,1
16943,1
16944,1
16945,1
16946,1
16947,1
16948,1
16949,1
16950,1
16951,0
16952,1
16953,1
16954,1
16955,0
16956,1
16957,1
16958,1
16959,1
16960,1
16961,0
16962,1
16963,1
16964,1
16965,1
16966,1
16967,1
16968,1
16969,1
16970,1
16971,1
16972,1
16973,1
16974,1
16975,0
16976,1
16977,1
16978,1
16979,0
16980,1
16981,1
16982,1
16983,1
16984,0
16985,0
16986,1
16987,0
16988,0
16989,1
16990,1
16991,1
16992,0
16993,0
16994,1
16995,1
16996,1
16997,1
16998,1
16999,1
17000,1
17001,0
17002,0
17003,1
17004,1
17005,0
17006,1
17007,0
17008,0
17009,1
17010,0
17011,1
17012,1
17013,1
17014,1
17015,0
17016,0
17017,1
17018,0
17019,1
17020,1
17021,1
17022,0
17023,1
17024,0
17025,0
17026,0
17027,1
17028,1
17029,1
17030,1
17031,1
17032,1
17033,1
17034,1
17035,1
17036,1
17037,1
17038,1
17039,1
17040,1
17041,1
17042,1
17043,1
17044,1
17045,1
17046,1
17047,1
17048,1
17049,1
17050,1
17051,1
17052,1
17053,1
17054,0
17055,1
17056,0
17057,1
17058,1
17059,1
17060,1
17061,0
17062,1
17063,1
17064,1
17065,1
17066,0
17067,0
17068,1
17069,1
17070,1
17071,1
17072,1
17073,1
17074,0
17075,1
17076,0
17077,1
17078,0
17079,1
17080,1
17081,1
17082,0
17083,1
17084,1
17085,0
17086,1
17087,1
17088,0
17089,0
17090,1
17091,1
17092,1
17093,0
17094,1
17095,1
17096,0
17097,1
17098,1
17099,1
17100,0
17101,1
17102,1
17103,0
17104,1
17105,1
17106,1
17107,1
17108,1
17109,1
17110,1
17111,1
17112,1
17113,1
17114,1
17115,1
17116,1
17117,1
17118,0
17119,1
17120,1
17121,1
17122,1
17123,1
17124,1
17125,0
17126,0
17127,1
17128,1
17129,1
17130,1
17131,1
17132,1
17133,1
17134,1
17135,1
17136,1
17137,1
17138,0
17139,1
17140,1
17141,1
17142,1
17143,0
17144,1
17145,1
17146,1
17147,1
17148,1
17149,0
17150,1
17151,1
17152,1
17153,1
17154,1
17155,1
17156,1
17157,1
17158,0
17159,0
17160,1
17161,1
17162,1
17163,1
17164,1
17165,0
17166,0
17167,1
17168,1
17169,1
17170,1
17171,1
17172,0
17173,0
17174,0
17175,1
17176,0
17177,1
17178,1
17179,1
17180,1
17181,1
17182,1
17183,1
17184,1
17185,1
17186,0
17187,1
17188,1
17189,1
17190,1
17191,1
17192,1
17193,1
17194,1
17195,1
17196,1
17197,1
17198,1
17199,1
17200,1
17201,1
17202,1
17203,0
17204,1
17205,0
17206,1
17207,1
17208,0
17209,0
17210,1
17211,1
17212,0
17213,1
17214,0
17215,0
17216,1
17217,0
17218,1
17219,0
17220,0
17221,0
17222,0
17223,1
17224,1
17225,1
17226,0
17227,0
17228,0
17229,1
17230,0
17231,1
17232,1
17233,0
17234,1
17235,0
17236,1
17237,1
17238,1
17239,0
17240,1
17241,1
17242,1
17243,1
17244,1
17245,1
17246,1
17247,1
17248,0
17249,0
17250,0
17251,0
17252,1
17253,1
17254,1
17255,1
17256,1
17257,1
17258,1
17259,1
17260,1
17261,1
17262,1
17263,1
17264,1
17265,1
17266,1
17267,1
17268,1
17269,1
17270,1
17271,1
17272,1
17273,1
17274,1
17275,0
17276,1
17277,0
17278,1
17279,1
17280,0
17281,1
17282,1
17283,0
17284,1
17285,1
17286,1
17287,1
17288,1
17289,1
17290,1
17291,0
17292,0
17293,0
17294,1
17295,0
17296,1
17297,1
17298,1
17299,0
17300,0
17301,1
17302,0
17303,0
17304,0
17305,0
17306,1
17307,0
17308,0
17309,1
17310,0
17311,1
17312,1
17313,1
17314,1
17315,0
17316,1
17317,0
17318,0
17319,0
17320,1
17321,0
17322,1
17323,1
17324,0
17325,0
17326,1
17327,1
17328,1
17329,1
17330,1
17331,0
17332,0
17333,1
17334,1
17335,1
17336,1
17337,1
17338,1
17339,1
17340,1
17341,0
17342,0
17343,0
17344,0
17345,0
17346,1
17347,1
17348,1
17349,1
17350,1
17351,0
17352,1
17353,1
17354,1
17355,1
17356,1
17357,1
17358,1
17359,1
17360,1
17361,1
17362,1
17363,1
17364,1
17365,1
17366,1
17367,1
17368,0
17369,1
17370,1
17371,1
17372,1
17373,1
17374,1
17375,1
17376,1
17377,1
17378,1
17379,1
17380,1
17381,1
17382,1
17383,1
17384,0
17385,0
17386,1
17387,1
17388,1
17389,1
17390,1
17391,1
17392,1
17393,1
17394,1
17395,1
17396,1
17397,1
17398,1
17399,1
17400,0
17401,0
17402,1
17403,1
17404,1
17405,1
17406,1
17407,1
17408,1
17409,1
17410,1
17411,1
17412,1
17413,1
17414,1
17415,0
17416,1
17417,1
17418,1
17419,1
17420,1
17421,1
17422,1
17423,1
17424,0
17425,1
17426,1
17427,1
17428,0
17429,0
17430,1
17431,0
17432,0
17433,1
17434,1
17435,0
17436,0
17437,1
17438,1
17439,1
17440,0
17441,0
17442,0
17443,0
17444,0
17445,1
17446,0
17447,0
17448,0
17449,0
17450,0
17451,0
17452,0
17453,0
17454,1
17455,1
17456,1
17457,1
17458,1
17459,0
17460,0
17461,1
17462,1
17463,1
17464,1
17465,0
17466,1
17467,1
17468,1
17469,1
17470,1
17471,1
17472,0
17473,1
17474,0
17475,0
17476,0
17477,1
17478,1
17479,1
17480,1
17481,1
17482,1
17483,1
17484,1
17485,1
17486,0
17487,1
17488,1
17489,1
17490,1
17491,1
17492,1
17493,1
17494,1
17495,1
17496,1
17497,1
17498,1
17499,1
17500,0
17501,0
17502,1
17503,1
17504,1
17505,1
17506,1
17507,0
17508,0
17509,0
17510,0
17511,1
17512,0
17513,1
17514,1
17515,1
17516,0
17517,1
17518,0
17519,1
17520,1
17521,0
17522,0
17523,0
17524,0
17525,1
17526,1
17527,1
17528,0
17529,1
17530,0
17531,0
17532,1
17533,1
17534,1
17535,1
17536,1
17537,0
17538,1
17539,1
17540,1
17541,0
17542,1
17543,1
17544,0
17545,1
17546,0
17547,0
17548,1
17549,1
17550,1
17551,0
17552,1
17553,0
17554,1
17555,1
17556,1
17557,0
17558,1
17559,1
17560,1
17561,1
17562,1
17563,1
17564,0
17565,1
17566,0
17567,0
17568,0
17569,0
17570,1
17571,1
17572,1
17573,1
17574,1
17575,1
17576,1
17577,1
17578,1
17579,1
17580,1
17581,1
17582,1
17583,1
17584,1
17585,1
17586,1
17587,1
17588,1
17589,1
17590,1
17591,1
17592,1
17593,0
17594,1
17595,1
17596,1
17597,1
17598,1
17599,1
17600,1
17601,1
17602,1
17603,1
17604,1
17605,1
17606,1
17607,1
17608,1
17609,1
17610,1
17611,0
17612,0
17613,0
17614,1
17615,1
17616,1
17617,1
17618,1
17619,1
17620,1
17621,1
17622,1
17623,0
17624,1
17625,0
17626,0
17627,1
17628,1
17629,1
17630,1
17631,1
17632,1
17633,1
17634,1
17635,1
17636,1
17637,1
17638,0
17639,0
17640,1
17641,1
17642,1
17643,1
17644,0
17645,1
17646,1
17647,1
17648,0
17649,1
17650,1
17651,1
17652,0
17653,0
17654,1
17655,1
17656,1
17657,0
17658,0
17659,1
17660,0
17661,1
17662,1
17663,1
17664,0
17665,0
17666,0
17667,0
17668,0
17669,0
17670,0
17671,0
17672,1
17673,1
17674,1
17675,1
17676,0
17677,0
17678,0
17679,1
17680,1
17681,0
17682,0
17683,1
17684,0
17685,1
17686,1
17687,1
17688,1
17689,1
17690,1
17691,1
17692,1
17693,1
17694,1
17695,1
17696,1
17697,0
17698,0
17699,0
17700,0
17701,0
17702,1
17703,1
17704,1
17705,1
17706,1
17707,1
17708,1
17709,0
17710,1
17711,1
17712,1
17713,1
17714,1
17715,1
17716,1
17717,1
17718,1
17719,1
17720,1
17721,1
17722,1
17723,1
17724,1
17725,1
17726,1
17727,1
17728,1
17729,1
17730,1
17731,1
17732,1
17733,0
17734,1
17735,0
17736,1
17737,1
17738,0
17739,1
17740,1
17741,1
17742,0
17743,1
17744,1
17745,1
17746,1
17747,1
17748,0
17749,1
17750,1
17751,1
17752,1
17753,1
17754,1
17755,1
17756,1
17757,1
17758,1
17759,1
17760,1
17761,1
17762,1
17763,1
17764,0
17765,1
17766,1
17767,0
17768,0
17769,1
17770,0
17771,1
17772,1
17773,0
17774,1
17775,1
17776,1
17777,0
17778,1
17779,1
17780,1
17781,1
17782,0
17783,1
17784,1
17785,1
17786,1
17787,1
17788,1
17789,1
17790,1
17791,0
17792,0
17793,1
17794,1
17795,1
17796,0
17797,1
17798,1
17799,1
17800,1
17801,1
17802,1
17803,1
17804,1
17805,1
17806,1
17807,1
17808,1
17809,0
17810,1
17811,1
17812,1
17813,1
17814,1
17815,1
17816,1
17817,1
17818,0
17819,1
17820,1
17821,1
17822,1
17823,1
17824,1
17825,1
17826,1
17827,1
17828,1
17829,1
17830,1
17831,1
17832,1
17833,1
17834,1
17835,0
17836,1
17837,1
17838,1
17839,1
17840,1
17841,1
17842,1
17843,1
17844,1
17845,1
17846,1
17847,1
17848,0
17849,1
17850,1
17851,0
17852,1
17853,1
17854,1
17855,1
17856,1
17857,1
17858,1
17859,1
17860,1
17861,1
17862,1
17863,1
17864,1
17865,1
17866,1
17867,1
17868,1
17869,0
17870,1
17871,1
17872,1
17873,1
17874,1
17875,1
17876,1
17877,0
17878,1
17879,1
17880,1
17881,0
17882,0
17883,1
17884,0
17885,1
17886,1
17887,1
17888,0
17889,0
17890,0
17891,0
17892,1
17893,1
17894,0
17895,0
17896,0
17897,1
17898,1
17899,0
17900,0
17901,0
17902,0
17903,1
17904,0
17905,1
17906,0
17907,0
17908,0
17909,0
17910,1
17911,1
17912,1
17913,1
17914,0
17915,0
17916,1
17917,1
17918,0
17919,1
17920,1
17921,1
17922,1
17923,1
17924,1
17925,0
17926,1
17927,1
17928,1
17929,1
17930,1
17931,1
17932,1
17933,1
17934,1
17935,1
17936,0
17937,1
17938,1
17939,1
17940,0
17941,1
17942,1
17943,1
17944,1
17945,1
17946,1
17947,1
17948,1
17949,1
17950,1
17951,1
17952,1
17953,1
17954,1
17955,1
17956,1
17957,0
17958,1
17959,1
17960,1
17961,0
17962,0
17963,0
17964,1
17965,0
17966,1
17967,1
17968,1
17969,1
17970,1
17971,1
17972,1
17973,0
17974,1
17975,0
17976,1
17977,1
17978,1
17979,1
17980,1
17981,1
17982,1
17983,1
17984,1
17985,1
17986,0
17987,1
17988,0
17989,1
17990,1
17991,1
17992,0
17993,0
17994,1
17995,1
17996,1
17997,1
17998,1
17999,1
18000,1
18001,1
18002,1
18003,0
18004,1
18005,1
18006,1
18007,0
18008,0
18009,0
18010,1
18011,1
18012,1
18013,0
18014,0
18015,0
18016,0
18017,0
18018,0
18019,0
18020,0
18021,0
18022,1
18023,1
18024,1
18025,1
18026,1
18027,1
18028,1
18029,1
18030,0
18031,0
18032,1
18033,1
18034,1
18035,1
18036,1
18037,1
18038,1
18039,1
18040,0
18041,1
18042,1
18043,1
18044,1
18045,1
18046,1
18047,1
18048,1
18049,0
18050,1
18051,1
18052,0
18053,1
18054,1
18055,1
18056,1
18057,1
18058,1
18059,1
18060,1
18061,1
18062,1
18063,0
18064,0
18065,0
18066,1
18067,1
18068,0
18069,0
18070,0
18071,0
18072,1
18073,1
18074,1
18075,0
18076,0
18077,1
18078,1
18079,1
18080,1
18081,1
18082,1
18083,1
18084,0
18085,0
18086,0
18087,0
18088,1
18089,1
18090,1
18091,1
18092,1
18093,1
18094,0
18095,0
18096,1
18097,1
18098,1
18099,1
18100,1
18101,1
18102,1
18103,1
18104,1
18105,1
18106,0
18107,1
18108,1
18109,1
18110,0
18111,1
18112,1
18113,1
18114,1
18115,1
18116,1
18117,1
18118,1
18119,1
18120,1
18121,1
18122,1
18123,0
18124,1
18125,1
18126,0
18127,0
18128,0
18129,1
18130,0
18131,0
18132,0
18133,0
18134,0
18135,0
18136,1
18137,1
18138,1
18139,1
18140,1
18141,1
18142,1
18143,1
18144,1
18145,1
18146,1
18147,1
18148,1
18149,1
18150,0
18151,1
18152,1
18153,1
18154,1
18155,1
18156,1
18157,1
18158,1
18159,1
18160,1
18161,1
18162,1
18163,1
18164,1
18165,1
18166,1
18167,1
18168,1
18169,1
18170,1
18171,1
18172,1
18173,1
18174,1
18175,1
18176,0
18177,1
18178,0
18179,0
18180,0
18181,1
18182,1
18183,1
18184,1
18185,0
18186,1
18187,1
18188,1
18189,1
18190,1
18191,1
18192,1
18193,1
18194,1
18195,1
18196,0
18197,0
18198,1
18199,1
18200,1
18201,1
18202,1
18203,1
18204,1
18205,1
18206,1
18207,1
18208,1
18209,1
18210,1
18211,0
18212,1
18213,1
18214,0
18215,1
18216,1
18217,0
18218,1
18219,1
18220,1
18221,1
18222,1
18223,0
18224,1
18225,1
18226,1
18227,1
18228,0
18229,1
18230,1
18231,1
18232,0
18233,0
18234,0
18235,1
18236,0
18237,1
18238,0
18239,0
18240,0
18241,0
18242,0
18243,0
18244,0
18245,0
18246,0
18247,0
18248,1
18249,1
18250,1
18251,1
18252,1
18253,1
18254,1
18255,1
18256,1
18257,1
18258,1
18259,1
18260,1
18261,1
18262,1
18263,1
18264,0
18265,0
18266,1
18267,1
18268,1
18269,1
18270,1
18271,1
18272,1
18273,1
18274,1
18275,1
18276,1
18277,1
18278,1
18279,1
18280,1
18281,1
18282,1
18283,1
18284,1
18285,1
18286,1
18287,1
18288,0
18289,1
18290,0
18291,1
18292,0
18293,0
18294,0
18295,0
18296,0
18297,0
18298,0
18299,0
18300,0
18301,0
18302,1
18303,1
18304,1
18305,1
18306,1
18307,1
18308,1
18309,1
18310,0
18311,0
18312,0
18313,0
18314,1
18315,1
18316,1
18317,1
18318,1
18319,1
18320,1
18321,1
18322,1
18323,1
18324,0
18325,0
18326,1
18327,0
18328,0
18329,0
18330,1
18331,1
18332,0
18333,1
18334,0
18335,1
18336,1
18337,0
18338,1
18339,1
18340,0
18341,1
18342,1
18343,1
18344,1
18345,1
18346,1
18347,1
18348,1
18349,0
18350,1
18351,1
18352,1
18353,1
18354,1
18355,1
18356,0
18357,0
18358,0
18359,0
18360,1
18361,1
18362,1
18363,0
18364,0
18365,1
18366,1
18367,1
18368,1
18369,1
18370,1
18371,1
18372,1
18373,1
18374,1
18375,1
18376,1
18377,1
18378,1
18379,1
18380,1
18381,1
18382,1
18383,1
18384,1
18385,0
18386,1
18387,1
18388,1
18389,1
18390,1
18391,1
18392,1
18393,1
18394,1
18395,1
18396,1
18397,1
18398,1
18399,1
18400,1
18401,1
18402,1
18403,1
18404,1
18405,1
18406,1
18407,0
18408,1
18409,1
18410,1
18411,1
18412,0
18413,1
18414,1
18415,1
18416,1
18417,1
18418,1
18419,1
18420,1
18421,0
18422,1
18423,1
18424,1
18425,1
18426,1
18427,0
18428,1
18429,0
18430,1
18431,1
18432,0
18433,1
18434,1
18435,0
18436,0
18437,1
18438,0
18439,0
18440,1
18441,1
18442,1
18443,1
18444,1
18445,1
18446,0
18447,1
18448,0
18449,1
18450,1
18451,1
18452,1
18453,0
18454,0
18455,1
18456,1
18457,1
18458,0
18459,0
18460,0
18461,1
18462,0
18463,0
18464,0
18465,0
18466,0
18467,1
18468,1
18469,1
18470,1
18471,1
18472,1
18473,1
18474,1
18475,1
18476,1
18477,1
18478,1
18479,1
18480,1
18481,1
18482,1
18483,1
18484,1
18485,1
18486,0
18487,1
18488,1
18489,0
18490,1
18491,1
18492,1
18493,1
18494,1
18495,1
18496,1
18497,1
18498,1
18499,1
18500,1
18501,1
18502,1
18503,1
18504,1
18505,1
18506,1
18507,1
18508,1
18509,1
18510,1
18511,0
18512,0
18513,1
18514,1
18515,0
18516,1
18517,1
18518,0
18519,0
18520,0
18521,0
18522,0
18523,0
18524,0
18525,0
18526,1
18527,1
18528,1
18529,1
18530,1
18531,1
18532,1
18533,1
18534,1
18535,0
18536,0
18537,0
18538,0
18539,1
18540,1
18541,1
18542,0
18543,1
18544,1
18545,1
18546,1
18547,1
18548,1
18549,1
18550,1
18551,1
18552,0
18553,0
18554,1
18555,1
18556,1
18557,0
18558,0
18559,1
18560,1
18561,0
18562,1
18563,1
18564,1
18565,1
18566,1
18567,0
18568,1
18569,1
18570,1
18571,1
18572,1
18573,1
18574,0
18575,1
18576,0
18577,1
18578,1
18579,0
18580,0
18581,1
18582,0
18583,0
18584,0
18585,1
18586,0
18587,1
18588,1
18589,1
18590,1
18591,1
18592,1
18593,1
18594,0
18595,0
18596,1
18597,1
18598,1
18599,1
18600,0
18601,0
18602,1
18603,1
18604,1
18605,1
18606,1
18607,1
18608,1
18609,1
18610,1
18611,1
18612,1
18613,1
18614,1
18615,1
18616,1
18617,1
18618,1
18619,1
18620,1
18621,1
18622,1
18623,1
18624,1
18625,1
18626,1
18627,1
18628,1
18629,1
18630,0
18631,1
18632,1
18633,1
18634,1
18635,0
18636,0
18637,1
18638,1
18639,1
18640,1
18641,0
18642,0
18643,1
18644,1
18645,1
18646,0
18647,1
18648,0
18649,1
18650,1
18651,0
18652,1
18653,1
18654,1
18655,1
18656,1
18657,1
18658,1
18659,0
18660,0
18661,1
18662,1
18663,0
18664,1
18665,1
18666,1
18667,1
18668,1
18669,0
18670,1
18671,1
18672,1
18673,1
18674,0
18675,0
18676,1
18677,1
18678,1
18679,1
18680,1
18681,1
18682,1
18683,0
18684,0
18685,0
18686,0
18687,0
18688,0
18689,0
18690,0
18691,0
18692,1
18693,1
18694,1
18695,1
18696,1
18697,1
18698,1
18699,1
18700,1
18701,1
18702,1
18703,1
18704,1
18705,1
18706,1
18707,1
18708,1
18709,1
18710,1
18711,1
18712,0
18713,1
18714,1
18715,1
18716,1
18717,1
18718,1
18719,1
18720,1
18721,1
18722,1
18723,1
18724,1
18725,1
18726,1
18727,1
18728,1
18729,1
18730,1
18731,1
18732,1
18733,1
18734,1
18735,1
18736,0
18737,0
18738,0
18739,1
18740,1
18741,1
18742,1
18743,0
18744,0
18745,0
18746,0
18747,0
18748,0
18749,1
18750,1
18751,1
18752,1
18753,1
18754,1
18755,1
18756,1
18757,1
18758,0
18759,0
18760,1
18761,1
18762,1
18763,1
18764,1
18765,1
18766,1
18767,1
18768,1
18769,1
18770,1
18771,1
18772,1
18773,1
18774,1
18775,0
18776,1
18777,1
18778,1
18779,1
18780,0
18781,1
18782,1
18783,1
18784,1
18785,1
18786,1
18787,1
18788,0
18789,0
18790,1
18791,1
18792,0
18793,1
18794,1
18795,1
18796,0
18797,0
18798,1
18799,0
18800,0
18801,0
18802,0
18803,0
18804,0
18805,0
18806,0
18807,0
18808,0
18809,0
18810,0
18811,0
18812,0
18813,0
18814,0
18815,0
18816,1
18817,0
18818,1
18819,0
18820,0
18821,0
18822,0
18823,0
18824,0
18825,0
18826,1
18827,1
18828,1
18829,1
18830,1
18831,1
18832,1
18833,1
18834,1
18835,1
18836,1
18837,1
18838,1
18839,0
18840,1
18841,1
18842,1
18843,0
18844,1
18845,1
18846,1
18847,1
18848,1
18849,1
18850,1
18851,1
18852,1
18853,1
18854,1
18855,1
18856,1
18857,1
18858,1
18859,1
18860,1
18861,0
18862,0
18863,0
18864,0
18865,0
18866,0
18867,1
18868,1
18869,1
18870,1
18871,1
18872,0
18873,1
18874,1
18875,1
18876,1
18877,1
18878,1
18879,1
18880,0
18881,1
18882,1
18883,1
18884,1
18885,1
18886,1
18887,0
18888,1
18889,1
18890,0
18891,1
18892,1
18893,1
18894,1
18895,1
18896,0
18897,0
18898,0
18899,0
18900,0
18901,1
18902,0
18903,0
18904,0
18905,1
18906,1
18907,1
18908,0
18909,0
18910,0
18911,0
18912,1
18913,1
18914,0
18915,0
18916,0
18917,1
18918,1
18919,1
18920,1
18921,1
18922,1
18923,1
18924,0
18925,1
18926,1
18927,0
18928,1
18929,1
18930,1
18931,1
18932,1
18933,1
18934,1
18935,1
18936,1
18937,1
18938,1
18939,1
18940,1
18941,1
18942,1
18943,1
18944,1
18945,1
18946,1
18947,1
18948,1
18949,1
18950,1
18951,1
18952,1
18953,1
18954,0
18955,1
18956,1
18957,1
18958,1
18959,0
18960,0
18961,1
18962,0
18963,0
18964,1
18965,1
18966,0
18967,1
18968,0
18969,0
18970,0
18971,0
18972,0
18973,1
18974,1
18975,1
18976,0
18977,1
18978,0
18979,1
18980,1
18981,0
18982,0
18983,0
18984,0
18985,0
18986,0
18987,0
18988,0
18989,0
18990,0
18991,0
18992,0
18993,0
18994,1
18995,0
18996,1
18997,1
18998,1
18999,1
19000,1
19001,1
19002,1
19003,1
19004,1
19005,0
19006,1
19007,0
19008,0
19009,1
19010,1
19011,1
19012,1
19013,1
19014,0
19015,0
19016,0
19017,0
19018,1
19019,1
19020,1
19021,1
19022,0
19023,1
19024,0
19025,0
19026,0
19027,0
19028,0
19029,0
19030,0
19031,0
19032,0
19033,0
19034,0
19035,0
19036,0
19037,0
19038,0
19039,1
19040,0
19041,1
19042,1
19043,0
19044,0
19045,0
19046,0
19047,0
19048,0
19049,0
19050,1
19051,0
19052,0
19053,1
19054,1
19055,1
19056,1
19057,1
19058,1
19059,1
19060,1
19061,1
19062,1
19063,1
19064,1
19065,1
19066,1
19067,1
19068,1
19069,1
19070,1
19071,1
19072,1
19073,1
19074,1
19075,1
19076,1
19077,1
19078,1
19079,1
19080,1
19081,1
19082,0
19083,1
19084,1
19085,1
19086,1
19087,1
19088,1
19089,0
19090,1
19091,1
19092,1
19093,1
19094,1
19095,1
19096,1
19097,1
19098,0
19099,1
19100,1
19101,0
19102,0
19103,1
19104,1
19105,1
19106,1
19107,1
19108,1
19109,1
19110,1
19111,1
19112,1
19113,1
19114,1
19115,1
19116,1
19117,1
19118,1
19119,1
19120,1
19121,1
19122,0
19123,0
19124,0
19125,0
19126,1
19127,1
19128,1
19129,1
19130,1
19131,1
19132,1
19133,0
19134,0
19135,0
19136,0
19137,1
19138,1
19139,0
19140,1
19141,1
19142,1
19143,1
19144,1
19145,1
19146,1
19147,1
19148,1
19149,0
19150,0
19151,0
19152,0
19153,0
19154,0
19155,1
19156,1
19157,0
19158,0
19159,1
19160,1
19161,0
19162,1
19163,0
19164,0
19165,0
19166,1
19167,1
19168,1
19169,1
19170,1
19171,0
19172,0
19173,0
19174,1
19175,1
19176,1
19177,1
19178,0
19179,1
19180,1
19181,1
19182,1
19183,1
19184,0
19185,1
19186,0
19187,0
19188,1
19189,1
19190,1
19191,1
19192,0
19193,0
19194,0
19195,1
19196,0
19197,0
19198,0
19199,0
19200,0
19201,1
19202,0
19203,0
19204,0
19205,0
19206,0
19207,0
19208,0
19209,0
19210,0
19211,0
19212,0
19213,0
19214,0
19215,0
19216,0
19217,0
19218,0
19219,0
19220,1
19221,1
19222,1
19223,1
19224,1
19225,1
19226,1
19227,1
19228,1
19229,1
19230,0
19231,0
19232,1
19233,1
19234,1
19235,1
19236,0
19237,1
19238,1
19239,0
19240,0
19241,0
19242,0
19243,1
19244,1
19245,0
19246,0
19247,0
19248,0
19249,1
19250,0
19251,1
19252,1
19253,0
19254,1
19255,1
19256,1
19257,0
19258,0
19259,0
19260,0
19261,0
19262,0
19263,1
19264,0
19265,0
19266,0
19267,1
19268,0
19269,1
19270,1
19271,1
19272,0
19273,1
19274,1
19275,1
19276,0
19277,1
19278,1
19279,1
19280,1
19281,1
19282,1
19283,1
19284,1
19285,1
19286,1
19287,1
19288,1
19289,1
19290,1
19291,1
19292,1
19293,1
19294,1
19295,1
19296,1
19297,1
19298,1
19299,1
19300,1
19301,1
19302,1
19303,1
19304,1
19305,1
19306,1
19307,0
19308,1
19309,1
19310,1
19311,1
19312,0
19313,1
19314,1
19315,1
19316,0
19317,0
19318,1
19319,1
19320,1
19321,1
19322,0
19323,1
19324,1
19325,1
19326,1
19327,0
19328,1
19329,1
19330,0
19331,1
19332,1
19333,1
19334,1
19335,0
19336,1
19337,0
19338,1
19339,1
19340,1
19341,1
19342,1
19343,1
19344,1
19345,1
19346,0
19347,0
19348,0
19349,0
19350,0
19351,0
19352,1
19353,1
19354,1
19355,1
19356,1
19357,1
19358,1
19359,0
19360,0
19361,0
19362,0
19363,0
19364,0
19365,0
19366,0
19367,1
19368,1
19369,1
19370,1
19371,1
19372,1
19373,1
19374,0
19375,0
19376,1
19377,0
19378,1
19379,0
19380,0
19381,1
19382,0
19383,0
19384,1
19385,1
19386,1
19387,1
19388,1
19389,0
19390,0
19391,0
19392,1
19393,1
19394,1
19395,0
19396,0
19397,1
19398,1
19399,1
19400,1
19401,1
19402,1
19403,1
19404,1
19405,1
19406,1
19407,1
19408,0
19409,1
19410,1
19411,0
19412,1
19413,1
19414,1
19415,0
19416,0
19417,1
19418,0
19419,1
19420,0
19421,1
19422,1
19423,0
19424,0
19425,1
19426,0
19427,0
19428,0
19429,0
19430,0
19431,0
19432,0
19433,0
19434,0
19435,0
19436,0
19437,1
19438,1
19439,0
19440,1
19441,0
19442,0
19443,0
19444,0
19445,1
19446,1
19447,1
19448,1
19449,1
19450,1
19451,1
19452,1
19453,1
19454,1
19455,1
19456,0
19457,1
19458,1
19459,1
19460,1
19461,1
19462,0
19463,1
19464,0
19465,0
19466,0
19467,0
19468,1
19469,1
19470,1
19471,0
19472,0
19473,1
19474,1
19475,1
19476,0
19477,0
19478,1
19479,1
19480,0
19481,1
19482,0
19483,1
19484,0
19485,0
19486,0
19487,1
19488,1
19489,0
19490,1
19491,1
19492,0
19493,0
19494,0
19495,1
19496,1
19497,1
19498,1
19499,1
19500,1
19501,1
19502,1
19503,1
19504,1
19505,1
19506,1
19507,1
19508,1
19509,1
19510,1
19511,1
19512,1
19513,1
19514,1
19515,1
19516,1
19517,1
19518,1
19519,1
19520,1
19521,1
19522,1
19523,1
19524,1
19525,1
19526,1
19527,1
19528,1
19529,1
19530,1
19531,1
19532,1
19533,0
19534,1
19535,0
19536,1
19537,1
19538,0
19539,1
19540,1
19541,0
19542,0
19543,1
19544,0
19545,1
19546,1
19547,1
19548,1
19549,1
19550,1
19551,1
19552,0
19553,1
19554,0
19555,1
19556,0
19557,1
19558,1
19559,0
19560,1
19561,1
19562,1
19563,0
19564,0
19565,1
19566,1
19567,0
19568,1
19569,1
19570,0
19571,1
19572,0
19573,0
19574,0
19575,0
19576,0
19577,1
19578,0
19579,1
19580,1
19581,1
19582,1
19583,1
19584,0
19585,0
19586,1
19587,0
19588,1
19589,0
19590,0
19591,0
19592,1
19593,1
19594,1
19595,1
19596,1
19597,1
19598,1
19599,0
19600,1
19601,1
19602,1
19603,0
19604,0
19605,0
19606,0
19607,0
19608,0
19609,1
19610,1
19611,0
19612,0
19613,1
19614,0
19615,0
19616,0
19617,1
19618,1
19619,0
19620,1
19621,1
19622,0
19623,0
19624,1
19625,1
19626,0
19627,1
19628,1
19629,1
19630,1
19631,1
19632,1
19633,1
19634,0
19635,0
19636,0
19637,0
19638,1
19639,0
19640,1
19641,0
19642,0
19643,1
19644,1
19645,1
19646,0
19647,1
19648,0
19649,0
19650,0
19651,1
19652,0
19653,0
19654,0
19655,0
19656,0
19657,0
19658,0
19659,0
19660,0
19661,0
19662,1
19663,0
19664,0
19665,0
19666,0
19667,1
19668,1
19669,1
19670,1
19671,1
19672,1
19673,0
19674,1
19675,1
19676,1
19677,1
19678,1
19679,1
19680,1
19681,0
19682,1
19683,1
19684,0
19685,1
19686,1
19687,1
19688,0
19689,0
19690,0
19691,0
19692,0
19693,0
19694,1
19695,0
19696,0
19697,0
19698,1
19699,0
19700,0
19701,0
19702,1
19703,0
19704,1
19705,0
19706,1
19707,0
19708,0
19709,0
19710,1
19711,0
19712,0
19713,1
19714,1
19715,0
19716,0
19717,0
19718,0
19719,0
19720,0
19721,1
19722,0
19723,1
19724,1
19725,1
19726,1
19727,1
19728,1
19729,1
19730,1
19731,1
19732,1
19733,1
19734,1
19735,1
19736,1
19737,1
19738,1
19739,1
19740,1
19741,1
19742,1
19743,1
19744,1
19745,1
19746,1
19747,1
19748,1
19749,1
19750,1
19751,1
19752,1
19753,1
19754,1
19755,1
19756,1
19757,1
19758,1
19759,0
19760,1
19761,1
19762,1
19763,1
19764,0
19765,1
19766,1
19767,0
19768,0
19769,0
19770,1
19771,1
19772,1
19773,1
19774,1
19775,0
19776,1
19777,0
19778,0
19779,1
19780,1
19781,1
19782,1
19783,0
19784,0
19785,0
19786,0
19787,1
19788,0
19789,1
19790,1
19791,1
19792,1
19793,0
19794,1
19795,1
19796,1
19797,1
19798,0
19799,1
19800,1
19801,1
19802,1
19803,0
19804,1
19805,1
19806,1
19807,1
19808,0
19809,1
19810,0
19811,0
19812,0
19813,0
19814,0
19815,0
19816,0
19817,1
19818,1
19819,1
19820,1
19821,1
19822,1
19823,1
19824,0
19825,0
19826,0
19827,0
19828,0
19829,1
19830,1
19831,0
19832,0
19833,1
19834,1
19835,1
19836,1
19837,1
19838,0
19839,0
19840,0
19841,1
19842,1
19843,1
19844,1
19845,0
19846,0
19847,0
19848,0
19849,0
19850,1
19851,0
19852,1
19853,1
19854,1
19855,1
19856,1
19857,1
19858,0
19859,1
19860,0
19861,1
19862,1
19863,0
19864,1
19865,1
19866,1
19867,1
19868,1
19869,1
19870,1
19871,0
19872,1
19873,0
19874,0
19875,1
19876,1
19877,0
19878,0
19879,0
19880,0
19881,0
19882,0
19883,0
19884,0
19885,1
19886,0
19887,0
19888,0
19889,0
19890,1
19891,0
19892,1
19893,0
19894,1
19895,1
19896,1
19897,1
19898,1
19899,1
19900,0
19901,1
19902,1
19903,1
19904,1
19905,1
19906,1
19907,1
19908,0
19909,1
19910,1
19911,0
19912,0
19913,0
19914,1
19915,1
19916,0
19917,0
19918,0
19919,1
19920,0
19921,0
19922,1
19923,0
19924,0
19925,0
19926,1
19927,1
19928,0
19929,0
19930,0
19931,0
19932,1
19933,0
19934,0
19935,1
19936,1
19937,1
19938,0
19939,1
19940,1
19941,0
19942,1
19943,1
19944,1
19945,0
19946,0
19947,1
19948,1
19949,1
19950,1
19951,1
19952,1
19953,1
19954,1
19955,1
19956,1
19957,1
19958,1
19959,1
19960,1
19961,1
19962,1
19963,1
19964,1
19965,1
19966,1
19967,1
19968,1
19969,1
19970,1
19971,1
19972,1
19973,1
19974,1
19975,1
19976,1
19977,1
19978,1
19979,1
19980,1
19981,1
19982,1
19983,1
19984,0
19985,1
19986,1
19987,1
19988,1
19989,0
19990,1
19991,0
19992,1
19993,1
19994,1
19995,0
19996,1
19997,1
19998,1
19999,1
20000,0
20001,1
20002,1
20003,1
20004,1
20005,0
20006,1
20007,1
20008,0
20009,1
20010,1
20011,0
20012,1
20013,1
20014,1
20015,1
20016,1
20017,1
20018,1
20019,1
20020,1
20021,1
20022,0
20023,1
20024,1
20025,1
20026,1
20027,0
20028,1
20029,0
20030,0
20031,0
20032,1
20033,0
20034,0
20035,0
20036,0
20037,0
20038,0
20039,1
20040,0
20041,0
20042,1
20043,1
20044,1
20045,1
20046,1
20047,1
20048,1
20049,0
20050,0
20051,0
20052,0
20053,0
20054,1
20055,1
20056,1
20057,1
20058,1
20059,1
20060,1
20061,0
20062,0
20063,0
20064,0
20065,1
20066,1
20067,1
20068,1
20069,1
20070,0
20071,0
20072,1
20073,0
20074,1
20075,1
20076,0
20077,0
20078,1
20079,1
20080,0
20081,1
20082,1
20083,1
20084,0
20085,1
20086,1
20087,0
20088,0
20089,1
20090,0
20091,1
20092,1
20093,1
20094,1
20095,1
20096,1
20097,1
20098,1
20099,1
20100,1
20101,1
20102,0
20103,0
20104,0
20105,0
20106,1
20107,0
20108,0
20109,0
20110,0
20111,0
20112,0
20113,0
20114,1
20115,0
20116,0
20117,0
20118,0
20119,1
20120,1
20121,0
20122,0
20123,1
20124,1
20125,1
20126,1
20127,1
20128,1
20129,1
20130,1
20131,0
20132,1
20133,0
20134,1
20135,1
20136,0
20137,1
20138,0
20139,0
20140,0
20141,0
20142,0
20143,0
20144,0
20145,0
20146,0
20147,0
20148,1
20149,1
20150,1
20151,0
20152,1
20153,0
20154,1
20155,0
20156,0
20157,1
20158,1
20159,0
20160,1
20161,1
20162,1
20163,0
20164,0
20165,1
20166,1
20167,0
20168,0
20169,1
20170,1
20171,1
20172,0
20173,1
20174,1
20175,1
20176,1
20177,1
20178,1
20179,1
20180,1
20181,1
20182,1
20183,1
20184,1
20185,1
20186,1
20187,1
20188,1
20189,1
20190,1
20191,1
20192,1
20193,1
20194,1
20195,1
20196,1
20197,1
20198,1
20199,1
20200,1
20201,1
20202,1
20203,1
20204,1
20205,1
20206,1
20207,1
20208,1
20209,0
20210,1
20211,1
20212,1
20213,1
20214,1
20215,1
20216,1
20217,1
20218,0
20219,1
20220,0
20221,0
20222,1
20223,1
20224,1
20225,0
20226,1
20227,0
20228,1
20229,1
20230,1
20231,1
20232,1
20233,0
20234,1
20235,1
20236,0
20237,0
20238,1
20239,1
20240,0
20241,1
20242,1
20243,1
20244,1
20245,1
20246,1
20247,0
20248,0
20249,0
20250,0
20251,1
20252,1
20253,1
20254,0
20255,0
20256,0
20257,1
20258,1
20259,1
20260,0
20261,0
20262,1
20263,1
20264,0
20265,0
20266,0
20267,1
20268,1
20269,1
20270,1
20271,1
20272,1
20273,1
20274,0
20275,0
20276,0
20277,0
20278,0
20279,1
20280,1
20281,1
20282,1
20283,1
20284,1
20285,1
20286,1
20287,1
20288,0
20289,0
20290,0
20291,0
20292,0
20293,1
20294,1
20295,0
20296,1
20297,1
20298,1
20299,1
20300,0
20301,1
20302,1
20303,1
20304,1
20305,0
20306,0
20307,1
20308,1
20309,1
20310,1
20311,1
20312,1
20313,0
20314,1
20315,1
20316,1
20317,1
20318,0
20319,1
20320,1
20321,1
20322,1
20323,1
20324,1
20325,1
20326,1
20327,0
20328,0
20329,0
20330,0
20331,0
20332,0
20333,0
20334,0
20335,1
20336,0
20337,0
20338,0
20339,0
20340,0
20341,0
20342,0
20343,0
20344,0
20345,0
20346,0
20347,0
20348,0
20349,0
20350,0
20351,1
20352,1
20353,1
20354,1
20355,1
20356,0
20357,0
20358,1
20359,1
20360,0
20361,1
20362,1
20363,0
20364,1
20365,0
20366,0
20367,0
20368,0
20369,0
20370,0
20371,0
20372,0
20373,0
20374,0
20375,0
20376,1
20377,1
20378,0
20379,0
20380,1
20381,0
20382,1
20383,0
20384,1
20385,0
20386,0
20387,0
20388,0
20389,1
20390,0
20391,0
20392,1
20393,1
20394,1
20395,1
20396,1
20397,0
20398,0
20399,1
20400,1
20401,1
20402,1
20403,1
20404,1
20405,1
20406,1
20407,1
20408,1
20409,1
20410,1
20411,1
20412,1
20413,1
20414,1
20415,1
20416,1
20417,1
20418,1
20419,1
20420,1
20421,1
20422,1
20423,1
20424,1
20425,1
20426,1
20427,1
20428,1
20429,1
20430,1
20431,1
20432,1
20433,1
20434,1
20435,1
20436,1
20437,1
20438,1
20439,0
20440,1
20441,1
20442,1
20443,0
20444,1
20445,0
20446,1
20447,0
20448,0
20449,1
20450,1
20451,0
20452,1
20453,1
20454,1
20455,1
20456,0
20457,0
20458,0
20459,1
20460,1
20461,1
20462,1
20463,1
20464,1
20465,1
20466,1
20467,1
20468,1
20469,1
20470,1
20471,0
20472,0
20473,0
20474,0
20475,1
20476,1
20477,1
20478,1
20479,1
20480,0
20481,0
20482,1
20483,1
20484,1
20485,1
20486,1
20487,1
20488,0
20489,0
20490,0
20491,1
20492,1
20493,1
20494,1
20495,1
20496,1
20497,1
20498,1
20499,0
20500,1
20501,1
20502,0
20503,0
20504,1
20505,1
20506,1
20507,1
20508,1
20509,1
20510,1
20511,0
20512,0
20513,0
20514,1
20515,0
20516,0
20517,0
20518,1
20519,1
20520,1
20521,1
20522,1
20523,0
20524,1
20525,0
20526,1
20527,1
20528,1
20529,1
20530,1
20531,1
20532,1
20533,1
20534,0
20535,1
20536,1
20537,1
20538,1
20539,1
20540,1
20541,1
20542,1
20543,1
20544,1
20545,1
20546,1
20547,0
20548,1
20549,1
20550,1
20551,0
20552,0
20553,0
20554,0
20555,0
20556,0
20557,0
20558,0
20559,0
20560,0
20561,0
20562,0
20563,0
20564,1
20565,1
20566,0
20567,0
20568,0
20569,0
20570,0
20571,0
20572,0
20573,0
20574,0
20575,1
20576,1
20577,1
20578,1
20579,1
20580,1
20581,1
20582,1
20583,1
20584,1
20585,0
20586,1
20587,1
20588,0
20589,0
20590,1
20591,0
20592,0
20593,0
20594,0
20595,0
20596,0
20597,1
20598,0
20599,0
20600,1
20601,1
20602,1
20603,0
20604,0
20605,0
20606,1
20607,1
20608,0
20609,0
20610,0
20611,1
20612,1
20613,1
20614,1
20615,1
20616,1
20617,1
20618,1
20619,0
20620,1
20621,1
20622,1
20623,1
20624,1
20625,1
20626,1
20627,1
20628,1
20629,1
20630,1
20631,1
20632,1
20633,1
20634,1
20635,1
20636,1
20637,1
20638,1
20639,1
20640,1
20641,0
20642,1
20643,1
20644,1
20645,1
20646,1
20647,1
20648,1
20649,1
20650,0
20651,1
20652,1
20653,1
20654,1
20655,1
20656,1
20657,1
20658,1
20659,1
20660,1
20661,1
20662,1
20663,1
20664,0
20665,1
20666,1
20667,1
20668,1
20669,1
20670,1
20671,0
20672,0
20673,0
20674,1
20675,0
20676,1
20677,1
20678,1
20679,1
20680,0
20681,1
20682,1
20683,1
20684,1
20685,1
20686,1
20687,1
20688,0
20689,1
20690,0
20691,1
20692,1
20693,0
20694,1
20695,0
20696,1
20697,1
20698,0
20699,0
20700,0
20701,1
20702,1
20703,1
20704,1
20705,1
20706,1
20707,1
20708,1
20709,0
20710,1
20711,1
20712,0
20713,0
20714,0
20715,1
20716,0
20717,1
20718,1
20719,1
20720,1
20721,1
20722,1
20723,1
20724,1
20725,1
20726,1
20727,1
20728,1
20729,0
20730,1
20731,1
20732,1
20733,1
20734,1
20735,1
20736,1
20737,0
20738,1
20739,1
20740,1
20741,1
20742,1
20743,1
20744,1
20745,1
20746,1
20747,1
20748,0
20749,1
20750,1
20751,1
20752,1
20753,1
20754,1
20755,1
20756,1
20757,1
20758,1
20759,1
20760,0
20761,1
20762,1
20763,1
20764,1
20765,1
20766,1
20767,1
20768,1
20769,1
20770,1
20771,1
20772,1
20773,1
20774,1
20775,1
20776,0
20777,0
20778,0
20779,0
20780,0
20781,1
20782,0
20783,0
20784,0
20785,0
20786,0
20787,1
20788,1
20789,1
20790,0
20791,1
20792,1
20793,0
20794,0
20795,0
20796,0
20797,0
20798,1
20799,1
20800,1
20801,1
20802,1
20803,0
20804,1
20805,1
20806,1
20807,1
20808,1
20809,1
20810,1
20811,0
20812,1
20813,0
20814,0
20815,0
20816,0
20817,0
20818,0
20819,0
20820,0
20821,0
20822,0
20823,1
20824,0
20825,0
20826,1
20827,0
20828,0
20829,0
20830,0
20831,0
20832,1
20833,0
20834,0
20835,0
20836,1
20837,1
20838,1
20839,1
20840,1
20841,1
20842,0
20843,0
20844,0
20845,1
20846,1
20847,1
20848,0
20849,1
20850,1
20851,1
20852,1
20853,1
20854,1
20855,1
20856,1
20857,1
20858,1
20859,1
20860,1
20861,1
20862,1
20863,1
20864,1
20865,1
20866,1
20867,1
20868,1
20869,1
20870,1
20871,1
20872,1
20873,1
20874,1
20875,1
20876,1
20877,1
20878,1
20879,1
20880,1
20881,1
20882,1
20883,1
20884,1
20885,1
20886,1
20887,1
20888,1
20889,0
20890,1
20891,1
20892,1
20893,0
20894,1
20895,1
20896,1
20897,1
20898,1
20899,1
20900,1
20901,0
20902,1
20903,0
20904,0
20905,1
20906,1
20907,1
20908,1
20909,1
20910,1
20911,1
20912,1
20913,1
20914,1
20915,1
20916,0
20917,0
20918,1
20919,1
20920,1
20921,0
20922,1
20923,0
20924,0
20925,0
20926,1
20927,1
20928,1
20929,1
20930,1
20931,1
20932,1
20933,1
20934,1
20935,1
20936,1
20937,1
20938,1
20939,0
20940,0
20941,1
20942,1
20943,1
20944,1
20945,1
20946,1
20947,1
20948,1
20949,1
20950,1
20951,1
20952,1
20953,0
20954,1
20955,1
20956,1
20957,1
20958,1
20959,1
20960,1
20961,1
20962,1
20963,1
20964,0
20965,1
20966,1
20967,1
20968,0
20969,1
20970,0
20971,0
20972,0
20973,1
20974,1
20975,1
20976,1
20977,1
20978,1
20979,0
20980,1
20981,1
20982,1
20983,1
20984,0
20985,0
20986,0
20987,1
20988,1
20989,1
20990,1
20991,1
20992,0
20993,1
20994,1
20995,1
20996,1
20997,1
20998,1
20999,1
21000,1
21001,1
21002,0
21003,1
21004,0
21005,0
21006,0
21007,1
21008,0
21009,0
21010,0
21011,0
21012,0
21013,1
21014,0
21015,0
21016,1
21017,0
21018,0
21019,0
21020,0
21021,0
21022,0
21023,0
21024,0
21025,1
21026,1
21027,1
21028,0
21029,0
21030,1
21031,1
21032,1
21033,0
21034,0
21035,0
21036,0
21037,0
21038,0
21039,0
21040,0
21041,0
21042,0
21043,0
21044,0
21045,0
21046,0
21047,0
21048,0
21049,0
21050,1
21051,1
21052,0
21053,0
21054,0
21055,0
21056,1
21057,0
21058,0
21059,0
21060,0
21061,1
21062,1
21063,0
21064,1
21065,0
21066,0
21067,1
21068,0
21069,1
21070,1
21071,0
21072,1
21073,0
21074,1
21075,1
21076,1
21077,1
21078,1
21079,1
21080,1
21081,1
21082,1
21083,1
21084,1
21085,0
21086,1
21087,0
21088,1
21089,1
21090,1
21091,1
21092,1
21093,1
21094,1
21095,1
21096,1
21097,1
21098,1
21099,1
21100,1
21101,1
21102,1
21103,1
21104,1
21105,1
21106,1
21107,1
21108,1
21109,1
21110,1
21111,1
21112,1
21113,1
21114,0
21115,0
21116,0
21117,1
21118,1
21119,1
21120,0
21121,1
21122,1
21123,1
21124,0
21125,1
21126,1
21127,1
21128,1
21129,0
21130,1
21131,0
21132,1
21133,0
21134,1
21135,0
21136,1
21137,1
21138,1
21139,1
21140,1
21141,0
21142,0
21143,1
21144,1
21145,0
21146,1
21147,0
21148,0
21149,0
21150,0
21151,1
21152,1
21153,1
21154,1
21155,1
21156,1
21157,1
21158,1
21159,1
21160,1
21161,0
21162,0
21163,1
21164,0
21165,1
21166,0
21167,1
21168,0
21169,1
21170,1
21171,1
21172,1
21173,1
21174,1
21175,1
21176,1
21177,1
21178,1
21179,0
21180,1
21181,1
21182,1
21183,1
21184,1
21185,1
21186,1
21187,1
21188,1
21189,1
21190,1
21191,0
21192,1
21193,1
21194,0
21195,0
21196,1
21197,1
21198,0
21199,1
21200,1
21201,1
21202,1
21203,1
21204,1
21205,1
21206,1
21207,0
21208,1
21209,0
21210,0
21211,1
21212,1
21213,1
21214,1
21215,1
21216,1
21217,1
21218,0
21219,0
21220,1
21221,1
21222,1
21223,1
21224,1
21225,1
21226,1
21227,0
21228,0
21229,0
21230,1
21231,0
21232,0
21233,1
21234,1
21235,0
21236,0
21237,0
21238,0
21239,1
21240,0
21241,0
21242,0
21243,1
21244,0
21245,0
21246,0
21247,0
21248,0
21249,0
21250,0
21251,0
21252,1
21253,0
21254,0
21255,1
21256,1
21257,1
21258,0
21259,0
21260,0
21261,0
21262,0
21263,0
21264,0
21265,0
21266,0
21267,0
21268,0
21269,0
21270,0
21271,1
21272,0
21273,0
21274,0
21275,1
21276,0
21277,0
21278,0
21279,1
21280,1
21281,0
21282,1
21283,1
21284,1
21285,0
21286,0
21287,1
21288,1
21289,1
21290,0
21291,1
21292,0
21293,0
21294,1
21295,1
21296,1
21297,1
21298,0
21299,0
21300,1
21301,1
21302,1
21303,1
21304,1
21305,1
21306,1
21307,1
21308,1
21309,1
21310,1
21311,1
21312,1
21313,1
21314,1
21315,1
21316,1
21317,1
21318,1
21319,1
21320,1
21321,1
21322,1
21323,1
21324,1
21325,1
21326,1
21327,1
21328,1
21329,1
21330,1
21331,1
21332,1
21333,0
21334,1
21335,1
21336,1
21337,1
21338,1
21339,1
21340,1
21341,0
21342,1
21343,0
21344,1
21345,1
21346,0
21347,0
21348,1
21349,1
21350,1
21351,1
21352,1
21353,1
21354,0
21355,0
21356,1
21357,0
21358,0
21359,1
21360,1
21361,1
21362,1
21363,1
21364,1
21365,0
21366,0
21367,1
21368,1
21369,0
21370,0
21371,1
21372,0
21373,1
21374,0
21375,0
21376,1
21377,0
21378,1
21379,1
21380,1
21381,1
21382,1
21383,1
21384,1
21385,1
21386,0
21387,0
21388,1
21389,1
21390,0
21391,0
21392,0
21393,0
21394,1
21395,1
21396,1
21397,1
21398,1
21399,1
21400,1
21401,1
21402,1
21403,0
21404,1
21405,1
21406,1
21407,1
21408,1
21409,1
21410,1
21411,1
21412,0
21413,1
21414,0
21415,0
21416,1
21417,0
21418,0
21419,1
21420,1
21421,1
21422,1
21423,0
21424,1
21425,0
21426,1
21427,1
21428,1
21429,1
21430,1
21431,1
21432,1
21433,0
21434,0
21435,0
21436,0
21437,1
21438,1
21439,1
21440,1
21441,1
21442,1
21443,1
21444,1
21445,1
21446,1
21447,1
21448,1
21449,1
21450,1
21451,1
21452,0
21453,1
21454,0
21455,0
21456,0
21457,1
21458,0
21459,0
21460,0
21461,0
21462,1
21463,1
21464,1
21465,1
21466,0
21467,0
21468,0
21469,0
21470,1
21471,0
21472,0
21473,0
21474,0
21475,0
21476,0
21477,0
21478,0
21479,0
21480,0
21481,1
21482,0
21483,0
21484,1
21485,0
21486,0
21487,0
21488,0
21489,0
21490,0
21491,0
21492,0
21493,0
21494,0
21495,0
21496,0
21497,0
21498,0
21499,1
21500,0
21501,0
21502,0
21503,0
21504,0
21505,1
21506,1
21507,1
21508,1
21509,1
21510,1
21511,0
21512,1
21513,1
21514,0
21515,1
21516,0
21517,0
21518,0
21519,0
21520,1
21521,1
21522,1
21523,0
21524,1
21525,1
21526,1
21527,1
21528,1
21529,1
21530,1
21531,1
21532,1
21533,1
21534,1
21535,1
21536,1
21537,1
21538,1
21539,1
21540,1
21541,1
21542,1
21543,1
21544,1
21545,1
21546,1
21547,1
21548,1
21549,1
21550,1
21551,1
21552,1
21553,1
21554,1
21555,1
21556,1
21557,1
21558,1
21559,1
21560,1
21561,1
21562,1
21563,1
21564,1
21565,1
21566,1
21567,1
21568,1
21569,1
21570,1
21571,1
21572,0
21573,1
21574,1
21575,1
21576,0
21577,0
21578,1
21579,0
21580,1
21581,1
21582,0
21583,1
21584,1
21585,1
21586,1
21587,1
21588,1
21589,1
21590,1
21591,1
21592,1
21593,1
21594,0
21595,1
21596,1
21597,1
21598,1
21599,1
21600,1
21601,1
21602,1
21603,1
21604,1
21605,1
21606,1
21607,1
21608,1
21609,0
21610,1
21611,0
21612,0
21613,0
21614,0
21615,1
21616,1
21617,0
21618,0
21619,0
21620,0
21621,1
21622,1
21623,1
21624,1
21625,1
21626,1
21627,0
21628,1
21629,1
21630,1
21631,1
21632,0
21633,1
21634,1
21635,1
21636,1
21637,0
21638,1
21639,0
21640,0
21641,1
21642,1
21643,1
21644,1
21645,1
21646,1
21647,1
21648,1
21649,1
21650,1
21651,1
21652,0
21653,1
21654,1
21655,1
21656,1
21657,0
21658,0
21659,0
21660,0
21661,1
21662,0
21663,1
21664,1
21665,1
21666,1
21667,1
21668,1
21669,1
21670,1
21671,1
21672,1
21673,1
21674,1
21675,1
21676,1
21677,1
21678,0
21679,0
21680,0
21681,0
21682,1
21683,1
21684,0
21685,0
21686,0
21687,0
21688,0
21689,1
21690,1
21691,1
21692,0
21693,1
21694,0
21695,0
21696,0
21697,1
21698,0
21699,0
21700,0
21701,0
21702,1
21703,1
21704,1
21705,1
21706,1
21707,1
21708,1
21709,1
21710,1
21711,0
21712,0
21713,0
21714,0
21715,0
21716,1
21717,0
21718,0
21719,0
21720,0
21721,1
21722,1
21723,1
21724,0
21725,0
21726,0
21727,0
21728,1
21729,0
21730,1
21731,0
21732,0
21733,1
21734,0
21735,1
21736,1
21737,0
21738,1
21739,1
21740,1
21741,1
21742,0
21743,1
21744,1
21745,0
21746,1
21747,1
21748,0
21749,1
21750,1
21751,1
21752,1
21753,1
21754,1
21755,1
21756,1
21757,1
21758,1
21759,1
21760,1
21761,1
21762,1
21763,1
21764,1
21765,1
21766,1
21767,1
21768,1
21769,1
21770,1
21771,1
21772,1
21773,1
21774,1
21775,1
21776,1
21777,1
21778,0
21779,1
21780,1
21781,1
21782,1
21783,1
21784,1
21785,1
21786,1
21787,1
21788,1
21789,0
21790,1
21791,1
21792,1
21793,1
21794,1
21795,1
21796,1
21797,0
21798,1
21799,1
21800,1
21801,1
21802,1
21803,1
21804,1
21805,1
21806,1
21807,1
21808,1
21809,1
21810,0
21811,1
21812,1
21813,0
21814,1
21815,0
21816,1
21817,1
21818,1
21819,1
21820,1
21821,0
21822,1
21823,1
21824,1
21825,1
21826,1
21827,1
21828,1
21829,0
21830,0
21831,0
21832,1
21833,1
21834,0
21835,1
21836,1
21837,0
21838,0
21839,0
21840,0
21841,1
21842,0
21843,0
21844,0
21845,0
21846,1
21847,1
21848,0
21849,0
21850,1
21851,1
21852,1
21853,1
21854,1
21855,1
21856,1
21857,1
21858,1
21859,1
21860,1
21861,1
21862,0
21863,1
21864,0
21865,0
21866,0
21867,1
21868,0
21869,0
21870,1
21871,1
21872,1
21873,1
21874,1
21875,1
21876,1
21877,1
21878,1
21879,1
21880,1
21881,1
21882,1
21883,1
21884,1
21885,1
21886,1
21887,1
21888,1
21889,1
21890,1
21891,1
21892,1
21893,1
21894,1
21895,1
21896,1
21897,1
21898,1
21899,1
21900,1
21901,1
21902,1
21903,0
21904,0
21905,1
21906,0
21907,1
21908,0
21909,1
21910,1
21911,0
21912,0
21913,1
21914,1
21915,1
21916,1
21917,1
21918,0
21919,0
21920,1
21921,0
21922,0
21923,0
21924,0
21925,0
21926,0
21927,1
21928,0
21929,0
21930,1
21931,1
21932,0
21933,0
21934,1
21935,1
21936,0
21937,0
21938,0
21939,0
21940,0
21941,1
21942,0
21943,0
21944,0
21945,0
21946,1
21947,1
21948,0
21949,0
21950,1
21951,0
21952,0
21953,1
21954,1
21955,1
21956,1
21957,0
21958,0
21959,1
21960,1
21961,1
21962,0
21963,1
21964,1
21965,1
21966,1
21967,0
21968,1
21969,1
21970,1
21971,1
21972,0
21973,0
21974,1
21975,1
21976,1
21977,1
21978,1
21979,1
21980,1
21981,1
21982,1
21983,1
21984,1
21985,1
21986,1
21987,1
21988,1
21989,1
21990,1
21991,1
21992,1
21993,1
21994,1
21995,1
21996,1
21997,1
21998,1
21999,1
22000,1
22001,1
22002,1
22003,1
22004,1
22005,1
22006,1
22007,1
22008,1
22009,1
22010,1
22011,1
22012,1
22013,0
22014,1
22015,1
22016,1
22017,0
22018,0
22019,1
22020,1
22021,1
22022,0
22023,1
22024,1
22025,1
22026,1
22027,1
22028,1
22029,1
22030,1
22031,1
22032,1
22033,0
22034,1
22035,0
22036,1
22037,1
22038,1
22039,0
22040,1
22041,0
22042,1
22043,1
22044,1
22045,0
22046,1
22047,0
22048,0
22049,0
22050,1
22051,0
22052,1
22053,1
22054,0
22055,0
22056,0
22057,1
22058,1
22059,0
22060,1
22061,1
22062,0
22063,1
22064,0
22065,0
22066,0
22067,1
22068,0
22069,1
22070,1
22071,1
22072,1
22073,1
22074,0
22075,0
22076,0
22077,0
22078,1
22079,1
22080,1
22081,1
22082,1
22083,1
22084,1
22085,1
22086,0
22087,0
22088,1
22089,0
22090,0
22091,0
22092,1
22093,0
22094,0
22095,1
22096,1
22097,1
22098,0
22099,1
22100,1
22101,0
22102,1
22103,0
22104,1
22105,1
22106,1
22107,1
22108,1
22109,0
22110,1
22111,1
22112,1
22113,1
22114,1
22115,1
22116,1
22117,1
22118,1
22119,1
22120,1
22121,1
22122,1
22123,1
22124,1
22125,1
22126,1
22127,0
22128,0
22129,1
22130,0
22131,0
22132,0
22133,1
22134,0
22135,0
22136,0
22137,0
22138,0
22139,1
22140,1
22141,1
22142,0
22143,0
22144,0
22145,0
22146,0
22147,0
22148,0
22149,0
22150,0
22151,0
22152,0
22153,1
22154,1
22155,1
22156,0
22157,1
22158,1
22159,0
22160,1
22161,0
22162,0
22163,0
22164,0
22165,0
22166,0
22167,1
22168,0
22169,0
22170,0
22171,0
22172,1
22173,1
22174,1
22175,1
22176,0
22177,0
22178,1
22179,1
22180,1
22181,0
22182,0
22183,1
22184,1
22185,0
22186,1
22187,0
22188,1
22189,0
22190,1
22191,1
22192,1
22193,1
22194,1
22195,1
22196,0
22197,0
22198,1
22199,1
22200,1
22201,1
22202,1
22203,1
22204,1
22205,1
22206,1
22207,1
22208,1
22209,1
22210,1
22211,1
22212,1
22213,1
22214,1
22215,1
22216,1
22217,1
22218,1
22219,1
22220,1
22221,1
22222,1
22223,1
22224,1
22225,1
22226,1
22227,1
22228,1
22229,1
22230,1
22231,1
22232,1
22233,1
22234,1
22235,1
22236,1
22237,1
22238,0
22239,1
22240,1
22241,0
22242,1
22243,1
22244,0
22245,1
22246,0
22247,1
22248,0
22249,0
22250,0
22251,1
22252,1
22253,1
22254,1
22255,1
22256,1
22257,1
22258,1
22259,0
22260,1
22261,1
22262,1
22263,1
22264,0
22265,1
22266,1
22267,1
22268,0
22269,1
22270,1
22271,1
22272,1
22273,1
22274,1
22275,1
22276,1
22277,0
22278,1
22279,1
22280,1
22281,0
22282,0
22283,1
22284,1
22285,0
22286,1
22287,0
22288,0
22289,0
22290,0
22291,0
22292,1
22293,0
22294,0
22295,1
22296,1
22297,1
22298,1
22299,0
22300,0
22301,0
22302,1
22303,1
22304,1
22305,1
22306,1
22307,1
22308,1
22309,1
22310,1
22311,1
22312,0
22313,0
22314,0
22315,0
22316,0
22317,1
22318,1
22319,1
22320,1
22321,1
22322,0
22323,0
22324,1
22325,1
22326,1
22327,1
22328,0
22329,0
22330,0
22331,1
22332,1
22333,1
22334,1
22335,1
22336,1
22337,1
22338,1
22339,1
22340,1
22341,1
22342,1
22343,1
22344,1
22345,1
22346,1
22347,1
22348,1
22349,1
22350,1
22351,1
22352,1
22353,1
22354,0
22355,0
22356,0
22357,0
22358,1
22359,0
22360,0
22361,0
22362,0
22363,0
22364,1
22365,1
22366,0
22367,1
22368,1
22369,0
22370,0
22371,0
22372,0
22373,0
22374,0
22375,1
22376,1
22377,1
22378,1
22379,1
22380,1
22381,1
22382,0
22383,0
22384,1
22385,1
22386,0
22387,0
22388,0
22389,0
22390,0
22391,1
22392,1
22393,0
22394,1
22395,1
22396,1
22397,1
22398,1
22399,1
22400,1
22401,1
22402,0
22403,1
22404,1
22405,1
22406,0
22407,0
22408,1
22409,1
22410,1
22411,1
22412,1
22413,0
22414,1
22415,0
22416,1
22417,1
22418,1
22419,0
22420,1
22421,0
22422,1
22423,1
22424,1
22425,1
22426,1
22427,1
22428,1
22429,1
22430,1
22431,1
22432,1
22433,1
22434,1
22435,1
22436,1
22437,1
22438,1
22439,1
22440,1
22441,1
22442,1
22443,1
22444,1
22445,1
22446,1
22447,1
22448,1
22449,1
22450,1
22451,1
22452,1
22453,1
22454,1
22455,1
22456,1
22457,1
22458,1
22459,1
22460,1
22461,0
22462,1
22463,1
22464,1
22465,0
22466,1
22467,1
22468,0
22469,1
22470,1
22471,0
22472,1
22473,1
22474,0
22475,1
22476,0
22477,1
22478,1
22479,1
22480,1
22481,1
22482,1
22483,1
22484,1
22485,1
22486,1
22487,1
22488,1
22489,1
22490,1
22491,1
22492,1
22493,1
22494,1
22495,0
22496,1
22497,1
22498,1
22499,1
22500,1
22501,1
22502,0
22503,1
22504,0
22505,0
22506,1
22507,1
22508,1
22509,1
22510,0
22511,1
22512,0
22513,0
22514,0
22515,0
22516,0
22517,1
22518,1
22519,0
22520,1
22521,1
22522,1
22523,0
22524,0
22525,0
22526,1
22527,0
22528,0
22529,1
22530,1
22531,0
22532,1
22533,1
22534,1
22535,1
22536,1
22537,0
22538,0
22539,0
22540,0
22541,0
22542,1
22543,1
22544,0
22545,1
22546,0
22547,0
22548,0
22549,1
22550,1
22551,1
22552,1
22553,1
22554,0
22555,0
22556,1
22557,1
22558,1
22559,1
22560,1
22561,1
22562,1
22563,1
22564,1
22565,1
22566,1
22567,1
22568,1
22569,1
22570,1
22571,1
22572,1
22573,1
22574,1
22575,1
22576,1
22577,1
22578,1
22579,1
22580,0
22581,1
22582,1
22583,0
22584,0
22585,0
22586,0
22587,0
22588,0
22589,0
22590,0
22591,1
22592,0
22593,0
22594,0
22595,0
22596,0
22597,0
22598,0
22599,1
22600,1
22601,1
22602,1
22603,1
22604,1
22605,1
22606,0
22607,1
22608,0
22609,0
22610,1
22611,0
22612,0
22613,0
22614,0
22615,0
22616,0
22617,0
22618,0
22619,0
22620,0
22621,1
22622,1
22623,1
22624,0
22625,1
22626,0
22627,1
22628,1
22629,1
22630,1
22631,0
22632,0
22633,0
22634,0
22635,0
22636,1
22637,0
22638,1
22639,1
22640,1
22641,1
22642,0
22643,0
22644,1
22645,0
22646,1
22647,1
22648,1
22649,1
22650,1
22651,1
22652,1
22653,1
22654,1
22655,1
22656,1
22657,1
22658,1
22659,1
22660,1
22661,1
22662,1
22663,1
22664,1
22665,1
22666,1
22667,1
22668,1
22669,1
22670,1
22671,1
22672,1
22673,1
22674,1
22675,1
22676,1
22677,1
22678,1
22679,1
22680,1
22681,1
22682,1
22683,1
22684,1
22685,1
22686,1
22687,1
22688,1
22689,1
22690,0
22691,1
22692,1
22693,0
22694,0
22695,0
22696,1
22697,1
22698,0
22699,1
22700,1
22701,1
22702,0
22703,1
22704,1
22705,1
22706,1
22707,1
22708,1
22709,1
22710,1
22711,1
22712,1
22713,0
22714,0
22715,0
22716,1
22717,0
22718,1
22719,0
22720,1
22721,0
22722,0
22723,1
22724,0
22725,1
22726,1
22727,1
22728,1
22729,0
22730,1
22731,1
22732,1
22733,1
22734,1
22735,1
22736,0
22737,1
22738,1
22739,1
22740,0
22741,1
22742,1
22743,1
22744,0
22745,0
22746,1
22747,1
22748,0
22749,0
22750,0
22751,0
22752,0
22753,1
22754,1
22755,1
22756,1
22757,1
22758,1
22759,1
22760,0
22761,0
22762,0
22763,0
22764,0
22765,0
22766,0
22767,0
22768,1
22769,1
22770,0
22771,1
22772,0
22773,1
22774,1
22775,1
22776,1
22777,1
22778,1
22779,0
22780,0
22781,1
22782,1
22783,1
22784,1
22785,1
22786,0
22787,1
22788,1
22789,1
22790,1
22791,1
22792,1
22793,0
22794,1
22795,1
22796,1
22797,1
22798,1
22799,1
22800,1
22801,1
22802,1
22803,1
22804,1
22805,1
22806,1
22807,1
22808,1
22809,0
22810,0
22811,1
22812,0
22813,1
22814,0
22815,1
22816,0
22817,1
22818,0
22819,0
22820,0
22821,0
22822,0
22823,0
22824,1
22825,1
22826,1
22827,1
22828,1
22829,1
22830,1
22831,1
22832,0
22833,1
22834,1
22835,0
22836,1
22837,0
22838,1
22839,0
22840,0
22841,0
22842,0
22843,0
22844,0
22845,1
22846,1
22847,0
22848,0
22849,1
22850,0
22851,0
22852,1
22853,1
22854,1
22855,1
22856,1
22857,0
22858,0
22859,0
22860,0
22861,1
22862,0
22863,1
22864,1
22865,0
22866,1
22867,1
22868,1
22869,0
22870,1
22871,1
22872,1
22873,0
22874,1
22875,1
22876,1
22877,1
22878,1
22879,1
22880,1
22881,1
22882,1
22883,1
22884,1
22885,1
22886,1
22887,1
22888,1
22889,1
22890,1
22891,1
22892,1
22893,1
22894,1
22895,1
22896,1
22897,1
22898,1
22899,1
22900,1
22901,1
22902,1
22903,1
22904,1
22905,1
22906,1
22907,1
22908,1
22909,1
22910,1
22911,1
22912,1
22913,1
22914,1
22915,1
22916,1
22917,1
22918,1
22919,1
22920,1
22921,1
22922,1
22923,1
22924,1
22925,0
22926,1
22927,0
22928,0
22929,1
22930,1
22931,1
22932,1
22933,1
22934,1
22935,1
22936,1
22937,1
22938,1
22939,1
22940,1
22941,1
22942,1
22943,1
22944,1
22945,0
22946,0
22947,1
22948,0
22949,0
22950,1
22951,0
22952,0
22953,1
22954,1
22955,1
22956,1
22957,1
22958,1
22959,0
22960,1
22961,1
22962,1
22963,1
22964,1
22965,1
22966,1
22967,1
22968,1
22969,1
22970,1
22971,1
22972,1
22973,1
22974,0
22975,0
22976,1
22977,1
22978,1
22979,1
22980,1
22981,1
22982,1
22983,1
22984,1
22985,1
22986,0
22987,0
22988,1
22989,1
22990,1
22991,0
22992,1
22993,0
22994,0
22995,1
22996,1
22997,1
22998,1
22999,1
23000,1
23001,1
23002,0
23003,1
23004,0
23005,0
23006,0
23007,1
23008,0
23009,1
23010,1
23011,0
23012,0
23013,0
23014,1
23015,1
23016,1
23017,1
23018,0
23019,0
23020,1
23021,1
23022,1
23023,1
23024,1
23025,1
23026,1
23027,1
23028,1
23029,1
23030,1
23031,1
23032,1
23033,1
23034,1
23035,1
23036,1
23037,1
23038,0
23039,0
23040,0
23041,0
23042,0
23043,0
23044,0
23045,0
23046,0
23047,0
23048,0
23049,0
23050,1
23051,1
23052,1
23053,1
23054,1
23055,0
23056,1
23057,1
23058,1
23059,1
23060,0
23061,1
23062,1
23063,1
23064,0
23065,0
23066,0
23067,0
23068,1
23069,1
23070,0
23071,1
23072,1
23073,0
23074,1
23075,0
23076,1
23077,0
23078,1
23079,1
23080,0
23081,0
23082,0
23083,0
23084,0
23085,0
23086,0
23087,1
23088,1
23089,0
23090,0
23091,1
23092,1
23093,1
23094,0
23095,0
23096,0
23097,1
23098,0
23099,0
23100,1
23101,1
23102,1
23103,1
23104,1
23105,1
23106,1
23107,1
23108,1
23109,1
23110,1
23111,1
23112,1
23113,1
23114,1
23115,1
23116,1
23117,1
23118,1
23119,1
23120,1
23121,1
23122,1
23123,1
23124,1
23125,1
23126,1
23127,1
23128,1
23129,1
23130,1
23131,1
23132,1
23133,1
23134,1
23135,1
23136,1
23137,1
23138,0
23139,1
23140,1
23141,1
23142,1
23143,0
23144,1
23145,1
23146,1
23147,1
23148,0
23149,1
23150,1
23151,1
23152,0
23153,1
23154,1
23155,1
23156,0
23157,1
23158,0
23159,1
23160,0
23161,1
23162,0
23163,1
23164,0
23165,1
23166,1
23167,0
23168,0
23169,1
23170,1
23171,0
23172,1
23173,1
23174,1
23175,1
23176,0
23177,1
23178,1
23179,1
23180,1
23181,1
23182,1
23183,1
23184,1
23185,1
23186,1
23187,1
23188,0
23189,1
23190,1
23191,1
23192,1
23193,1
23194,1
23195,1
23196,1
23197,1
23198,0
23199,0
23200,0
23201,0
23202,1
23203,1
23204,1
23205,1
23206,1
23207,1
23208,1
23209,1
23210,1
23211,1
23212,0
23213,1
23214,1
23215,1
23216,1
23217,1
23218,1
23219,0
23220,1
23221,1
23222,1
23223,1
23224,1
23225,1
23226,0
23227,0
23228,0
23229,0
23230,0
23231,0
23232,0
23233,1
23234,0
23235,1
23236,0
23237,0
23238,1
23239,1
23240,1
23241,1
23242,0
23243,1
23244,0
23245,1
23246,1
23247,1
23248,1
23249,1
23250,1
23251,1
23252,1
23253,1
23254,0
23255,1
23256,1
23257,1
23258,1
23259,0
23260,1
23261,1
23262,0
23263,0
23264,0
23265,0
23266,1
23267,1
23268,0
23269,0
23270,0
23271,0
23272,0
23273,0
23274,0
23275,0
23276,1
23277,1
23278,1
23279,1
23280,1
23281,1
23282,1
23283,1
23284,1
23285,1
23286,0
23287,1
23288,0
23289,0
23290,0
23291,0
23292,0
23293,0
23294,1
23295,0
23296,1
23297,0
23298,0
23299,0
23300,0
23301,1
23302,0
23303,1
23304,1
23305,1
23306,1
23307,1
23308,0
23309,1
23310,0
23311,1
23312,1
23313,1
23314,1
23315,1
23316,1
23317,1
23318,0
23319,1
23320,0
23321,1
23322,0
23323,1
23324,1
23325,1
23326,1
23327,1
23328,1
23329,1
23330,1
23331,1
23332,1
23333,1
23334,1
23335,1
23336,1
23337,1
23338,1
23339,1
23340,1
23341,1
23342,1
23343,1
23344,1
23345,1
23346,1
23347,1
23348,1
23349,1
23350,1
23351,1
23352,1
23353,1
23354,1
23355,1
23356,1
23357,1
23358,1
23359,1
23360,1
23361,1
23362,1
23363,1
23364,1
23365,1
23366,1
23367,1
23368,1
23369,1
23370,1
23371,1
23372,1
23373,1
23374,1
23375,0
23376,0
23377,1
23378,1
23379,1
23380,0
23381,1
23382,1
23383,1
23384,0
23385,1
23386,1
23387,0
23388,1
23389,0
23390,1
23391,0
23392,1
23393,1
23394,0
23395,1
23396,0
23397,1
23398,1
23399,0
23400,1
23401,1
23402,1
23403,1
23404,1
23405,1
23406,1
23407,1
23408,1
23409,1
23410,0
23411,1
23412,1
23413,1
23414,1
23415,1
23416,1
23417,1
23418,1
23419,1
23420,1
23421,1
23422,1
23423,1
23424,0
23425,0
23426,0
23427,0
23428,1
23429,1
23430,1
23431,1
23432,1
23433,1
23434,1
23435,1
23436,1
23437,0
23438,1
23439,1
23440,1
23441,0
23442,1
23443,1
23444,1
23445,0
23446,0
23447,1
23448,1
23449,1
23450,0
23451,1
23452,0
23453,0
23454,0
23455,0
23456,0
23457,0
23458,1
23459,0
23460,1
23461,0
23462,1
23463,1
23464,1
23465,1
23466,0
23467,0
23468,0
23469,1
23470,0
23471,1
23472,1
23473,1
23474,1
23475,1
23476,1
23477,1
23478,1
23479,1
23480,0
23481,0
23482,0
23483,1
23484,1
23485,1
23486,1
23487,1
23488,1
23489,1
23490,1
23491,1
23492,1
23493,0
23494,1
23495,0
23496,0
23497,0
23498,0
23499,0
23500,0
23501,0
23502,1
23503,1
23504,1
23505,0
23506,0
23507,1
23508,1
23509,1
23510,0
23511,1
23512,1
23513,0
23514,1
23515,0
23516,0
23517,0
23518,1
23519,1
23520,0
23521,1
23522,1
23523,0
23524,0
23525,0
23526,0
23527,0
23528,1
23529,1
23530,0
23531,1
23532,1
23533,0
23534,0
23535,0
23536,0
23537,0
23538,1
23539,0
23540,1
23541,0
23542,1
23543,0
23544,1
23545,1
23546,1
23547,1
23548,1
23549,1
23550,1
23551,1
23552,1
23553,1
23554,1
23555,1
23556,1
23557,1
23558,1
23559,1
23560,1
23561,1
23562,0
23563,1
23564,1
23565,1
23566,1
23567,1
23568,1
23569,1
23570,1
23571,1
23572,1
23573,1
23574,1
23575,1
23576,1
23577,1
23578,1
23579,1
23580,1
23581,1
23582,1
23583,1
23584,1
23585,1
23586,1
23587,0
23588,1
23589,0
23590,1
23591,1
23592,1
23593,1
23594,0
23595,1
23596,1
23597,1
23598,1
23599,0
23600,0
23601,1
23602,1
23603,1
23604,1
23605,1
23606,1
23607,1
23608,1
23609,0
23610,1
23611,1
23612,1
23613,1
23614,0
23615,0
23616,1
23617,1
23618,0
23619,0
23620,1
23621,0
23622,1
23623,1
23624,1
23625,1
23626,1
23627,1
23628,1
23629,1
23630,1
23631,1
23632,1
23633,1
23634,1
23635,0
23636,1
23637,1
23638,1
23639,1
23640,1
23641,1
23642,1
23643,1
23644,1
23645,1
23646,1
23647,1
23648,1
23649,1
23650,0
23651,1
23652,1
23653,0
23654,1
23655,1
23656,1
23657,1
23658,0
23659,1
23660,1
23661,1
23662,0
23663,0
23664,1
23665,0
23666,0
23667,0
23668,0
23669,0
23670,0
23671,0
23672,0
23673,1
23674,1
23675,0
23676,0
23677,0
23678,0
23679,0
23680,0
23681,0
23682,1
23683,1
23684,0
23685,0
23686,0
23687,1
23688,0
23689,0
23690,1
23691,1
23692,0
23693,1
23694,1
23695,1
23696,1
23697,1
23698,1
23699,1
23700,1
23701,1
23702,1
23703,1
23704,1
23705,0
23706,0
23707,0
23708,1
23709,1
23710,1
23711,1
23712,1
23713,1
23714,1
23715,1
23716,0
23717,0
23718,0
23719,1
23720,0
23721,0
23722,0
23723,0
23724,0
23725,0
23726,0
23727,0
23728,0
23729,0
23730,1
23731,0
23732,1
23733,1
23734,1
23735,0
23736,1
23737,1
23738,0
23739,0
23740,0
23741,1
23742,0
23743,0
23744,0
23745,1
23746,0
23747,1
23748,0
23749,0
23750,0
23751,0
23752,1
23753,0
23754,0
23755,1
23756,0
23757,0
23758,1
23759,0
23760,1
23761,1
23762,1
23763,0
23764,0
23765,1
23766,0
23767,1
23768,0
23769,0
23770,1
23771,1
23772,1
23773,1
23774,1
23775,1
23776,1
23777,1
23778,1
23779,1
23780,1
23781,1
23782,1
23783,1
23784,1
23785,1
23786,1
23787,1
23788,1
23789,1
23790,1
23791,1
23792,1
23793,1
23794,1
23795,1
23796,1
23797,1
23798,1
23799,1
23800,1
23801,1
23802,1
23803,1
23804,1
23805,1
23806,1
23807,1
23808,1
23809,1
23810,1
23811,1
23812,1
23813,1
23814,0
23815,1
23816,1
23817,1
23818,1
23819,1
23820,1
23821,1
23822,1
23823,1
23824,1
23825,1
23826,1
23827,1
23828,1
23829,1
23830,1
23831,1
23832,1
23833,1
23834,1
23835,1
23836,1
23837,1
23838,0
23839,1
23840,0
23841,1
23842,1
23843,1
23844,1
23845,1
23846,1
23847,1
23848,1
23849,1
23850,1
23851,0
23852,1
23853,1
23854,1
23855,0
23856,1
23857,1
23858,1
23859,1
23860,1
23861,1
23862,1
23863,1
23864,1
23865,1
23866,1
23867,1
23868,1
23869,1
23870,1
23871,1
23872,0
23873,1
23874,1
23875,1
23876,1
23877,1
23878,1
23879,1
23880,1
23881,1
23882,1
23883,0
23884,1
23885,0
23886,0
23887,0
23888,0
23889,0
23890,0
23891,0
23892,1
23893,0
23894,0
23895,0
23896,0
23897,1
23898,1
23899,0
23900,0
23901,0
23902,0
23903,0
23904,0
23905,0
23906,1
23907,1
23908,0
23909,0
23910,1
23911,0
23912,1
23913,0
23914,1
23915,1
23916,1
23917,0
23918,1
23919,0
23920,1
23921,1
23922,1
23923,1
23924,1
23925,1
23926,1
23927,1
23928,0
23929,0
23930,0
23931,0
23932,1
23933,1
23934,1
23935,1
23936,1
23937,1
23938,1
23939,1
23940,0
23941,1
23942,0
23943,1
23944,0
23945,0
23946,0
23947,0
23948,0
23949,0
23950,1
23951,0
23952,1
23953,0
23954,0
23955,1
23956,1
23957,1
23958,1
23959,1
23960,1
23961,1
23962,0
23963,0
23964,0
23965,0
23966,0
23967,0
23968,1
23969,0
23970,1
23971,0
23972,0
23973,0
23974,0
23975,0
23976,1
23977,0
23978,1
23979,0
23980,0
23981,0
23982,1
23983,1
23984,0
23985,0
23986,0
23987,0
23988,1
23989,0
23990,1
23991,0
23992,1
23993,0
23994,0
23995,1
23996,0
23997,1
23998,1
23999,1
24000,1
24001,1
24002,1
24003,1
24004,1
24005,1
24006,1
24007,1
24008,1
24009,1
24010,1
24011,1
24012,1
24013,1
24014,1
24015,1
24016,1
24017,1
24018,1
24019,1
24020,1
24021,1
24022,1
24023,1
24024,1
24025,1
24026,1
24027,1
24028,1
24029,1
24030,1
24031,1
24032,1
24033,1
24034,1
24035,1
24036,1
24037,1
24038,1
24039,1
24040,1
24041,1
24042,1
24043,1
24044,1
24045,1
24046,1
24047,1
24048,1
24049,1
24050,0
24051,1
24052,1
24053,1
24054,1
24055,0
24056,0
24057,1
24058,0
24059,1
24060,1
24061,0
24062,1
24063,1
24064,0
24065,0
24066,1
24067,0
24068,1
24069,1
24070,0
24071,0
24072,1
24073,1
24074,1
24075,1
24076,0
24077,0
24078,0
24079,0
24080,1
24081,0
24082,1
24083,1
24084,1
24085,1
24086,1
24087,1
24088,1
24089,1
24090,1
24091,1
24092,1
24093,0
24094,1
24095,1
24096,1
24097,1
24098,1
24099,1
24100,1
24101,1
24102,1
24103,1
24104,0
24105,0
24106,0
24107,1
24108,1
24109,1
24110,1
24111,1
24112,0
24113,0
24114,0
24115,1
24116,1
24117,1
24118,1
24119,0
24120,0
24121,0
24122,0
24123,0
24124,1
24125,1
24126,0
24127,0
24128,1
24129,0
24130,1
24131,1
24132,1
24133,1
24134,0
24135,1
24136,1
24137,1
24138,1
24139,1
24140,0
24141,0
24142,0
24143,0
24144,1
24145,0
24146,0
24147,1
24148,1
24149,1
24150,1
24151,1
24152,1
24153,0
24154,0
24155,0
24156,0
24157,0
24158,0
24159,1
24160,1
24161,1
24162,1
24163,1
24164,1
24165,1
24166,1
24167,1
24168,1
24169,1
24170,0
24171,0
24172,0
24173,0
24174,0
24175,1
24176,1
24177,1
24178,0
24179,1
24180,0
24181,1
24182,1
24183,1
24184,0
24185,1
24186,0
24187,1
24188,1
24189,1
24190,1
24191,0
24192,0
24193,0
24194,0
24195,1
24196,0
24197,1
24198,0
24199,1
24200,0
24201,0
24202,0
24203,1
24204,0
24205,0
24206,1
24207,1
24208,1
24209,1
24210,1
24211,1
24212,1
24213,1
24214,1
24215,1
24216,0
24217,1
24218,0
24219,0
24220,0
24221,1
24222,1
24223,1
24224,1
24225,1
24226,1
24227,1
24228,1
24229,1
24230,1
24231,1
24232,1
24233,1
24234,1
24235,1
24236,1
24237,1
24238,1
24239,1
24240,1
24241,1
24242,1
24243,1
24244,1
24245,1
24246,1
24247,1
24248,1
24249,1
24250,1
24251,1
24252,1
24253,1
24254,1
24255,1
24256,1
24257,1
24258,1
24259,1
24260,1
24261,1
24262,1
24263,1
24264,1
24265,0
24266,1
24267,1
24268,1
24269,1
24270,1
24271,1
24272,1
24273,1
24274,1
24275,1
24276,0
24277,1
24278,1
24279,1
24280,1
24281,1
24282,1
24283,0
24284,1
24285,1
24286,0
24287,1
24288,1
24289,1
24290,0
24291,1
24292,1
24293,1
24294,1
24295,1
24296,1
24297,1
24298,1
24299,1
24300,1
24301,0
24302,0
24303,0
24304,1
24305,1
24306,1
24307,1
24308,1
24309,0
24310,1
24311,1
24312,1
24313,1
24314,1
24315,1
24316,1
24317,1
24318,1
24319,0
24320,0
24321,1
24322,1
24323,1
24324,1
24325,1
24326,1
24327,1
24328,0
24329,0
24330,0
24331,0
24332,0
24333,1
24334,0
24335,1
24336,0
24337,0
24338,0
24339,0
24340,0
24341,0
24342,0
24343,1
24344,1
24345,1
24346,1
24347,0
24348,0
24349,1
24350,1
24351,1
24352,0
24353,1
24354,1
24355,1
24356,1
24357,1
24358,1
24359,1
24360,0
24361,0
24362,1
24363,1
24364,0
24365,0
24366,1
24367,0
24368,0
24369,1
24370,1
24371,1
24372,1
24373,1
24374,1
24375,1
24376,1
24377,1
24378,1
24379,0
24380,0
24381,0
24382,0
24383,0
24384,1
24385,1
24386,1
24387,1
24388,0
24389,0
24390,0
24391,1
24392,1
24393,1
24394,1
24395,1
24396,1
24397,0
24398,0
24399,0
24400,1
24401,1
24402,1
24403,1
24404,1
24405,1
24406,1
24407,1
24408,1
24409,1
24410,1
24411,1
24412,1
24413,1
24414,1
24415,0
24416,0
24417,1
24418,0
24419,1
24420,0
24421,1
24422,1
24423,1
24424,1
24425,1
24426,1
24427,1
24428,0
24429,1
24430,0
24431,0
24432,0
24433,1
24434,1
24435,1
24436,1
24437,1
24438,1
24439,0
24440,0
24441,1
24442,0
24443,1
24444,1
24445,0
24446,0
24447,0
24448,1
24449,1
24450,1
24451,1
24452,1
24453,1
24454,1
24455,1
24456,1
24457,1
24458,1
24459,1
24460,1
24461,1
24462,1
24463,1
24464,1
24465,1
24466,1
24467,1
24468,1
24469,1
24470,1
24471,1
24472,1
24473,1
24474,1
24475,1
24476,1
24477,1
24478,1
24479,1
24480,1
24481,1
24482,1
24483,0
24484,1
24485,1
24486,0
24487,1
24488,1
24489,1
24490,1
24491,1
24492,1
24493,1
24494,1
24495,1
24496,1
24497,1
24498,1
24499,1
24500,1
24501,1
24502,1
24503,1
24504,1
24505,1
24506,1
24507,1
24508,1
24509,1
24510,1
24511,1
24512,1
24513,1
24514,0
24515,0
24516,1
24517,1
24518,0
24519,1
24520,1
24521,1
24522,1
24523,1
24524,1
24525,1
24526,0
24527,1
24528,0
24529,1
24530,1
24531,1
24532,0
24533,0
24534,1
24535,1
24536,1
24537,1
24538,1
24539,1
24540,1
24541,1
24542,1
24543,1
24544,1
24545,1
24546,1
24547,1
24548,1
24549,1
24550,1
24551,1
24552,1
24553,0
24554,0
24555,0
24556,0
24557,0
24558,1
24559,1
24560,1
24561,0
24562,1
24563,0
24564,0
24565,0
24566,0
24567,0
24568,1
24569,0
24570,0
24571,1
24572,0
24573,1
24574,1
24575,1
24576,1
24577,1
24578,0
24579,1
24580,1
24581,1
24582,0
24583,1
24584,1
24585,1
24586,1
24587,0
24588,0
24589,0
24590,1
24591,1
24592,1
24593,1
24594,1
24595,0
24596,1
24597,1
24598,0
24599,1
24600,0
24601,1
24602,1
24603,1
24604,0
24605,0
24606,0
24607,1
24608,0
24609,1
24610,1
24611,1
24612,1
24613,0
24614,0
24615,1
24616,1
24617,1
24618,0
24619,1
24620,1
24621,0
24622,1
24623,1
24624,0
24625,1
24626,1
24627,1
24628,1
24629,1
24630,1
24631,1
24632,1
24633,0
24634,0
24635,1
24636,1
24637,1
24638,1
24639,0
24640,0
24641,1
24642,0
24643,0
24644,1
24645,1
24646,1
24647,1
24648,0
24649,1
24650,1
24651,1
24652,0
24653,1
24654,0
24655,0
24656,0
24657,0
24658,1
24659,0
24660,1
24661,1
24662,1
24663,1
24664,1
24665,0
24666,0
24667,1
24668,1
24669,1
24670,1
24671,0
24672,1
24673,1
24674,1
24675,1
24676,1
24677,1
24678,1
24679,1
24680,1
24681,1
24682,1
24683,1
24684,1
24685,1
24686,1
24687,1
24688,1
24689,1
24690,1
24691,1
24692,1
24693,1
24694,1
24695,1
24696,1
24697,1
24698,1
24699,1
24700,1
24701,1
24702,0
24703,1
24704,1
24705,1
24706,1
24707,1
24708,1
24709,1
24710,1
24711,1
24712,1
24713,1
24714,1
24715,1
24716,0
24717,1
24718,1
24719,1
24720,1
24721,1
24722,0
24723,1
24724,1
24725,1
24726,1
24727,1
24728,1
24729,1
24730,0
24731,0
24732,1
24733,1
24734,1
24735,0
24736,1
24737,1
24738,1
24739,1
24740,1
24741,1
24742,1
24743,1
24744,1
24745,1
24746,0
24747,1
24748,1
24749,1
24750,1
24751,0
24752,0
24753,0
24754,0
24755,1
24756,1
24757,1
24758,0
24759,1
24760,1
24761,1
24762,1
24763,0
24764,1
24765,1
24766,0
24767,1
24768,1
24769,1
24770,1
24771,1
24772,1
24773,1
24774,1
24775,1
24776,1
24777,1
24778,1
24779,1
24780,0
24781,1
24782,1
24783,1
24784,1
24785,0
24786,1
24787,0
24788,0
24789,1
24790,1
24791,0
24792,1
24793,1
24794,0
24795,1
24796,1
24797,1
24798,1
24799,1
24800,1
24801,0
24802,1
24803,1
24804,1
24805,1
24806,1
24807,1
24808,1
24809,1
24810,1
24811,0
24812,1
24813,1
24814,1
24815,0
24816,1
24817,1
24818,1
24819,1
24820,1
24821,1
24822,1
24823,1
24824,1
24825,1
24826,1
24827,1
24828,1
24829,1
24830,0
24831,0
24832,0
24833,0
24834,1
24835,1
24836,1
24837,1
24838,0
24839,1
24840,1
24841,1
24842,0
24843,0
24844,0
24845,1
24846,0
24847,1
24848,0
24849,1
24850,1
24851,1
24852,1
24853,1
24854,1
24855,1
24856,1
24857,1
24858,1
24859,1
24860,1
24861,1
24862,1
24863,1
24864,1
24865,0
24866,1
24867,1
24868,1
24869,0
24870,0
24871,1
24872,1
24873,1
24874,0
24875,1
24876,0
24877,1
24878,1
24879,0
24880,0
24881,1
24882,1
24883,1
24884,0
24885,0
24886,1
24887,0
24888,1
24889,1
24890,0
24891,1
24892,1
24893,1
24894,1
24895,1
24896,0
24897,1
24898,1
24899,1
24900,1
24901,1
24902,1
24903,1
24904,1
24905,1
24906,1
24907,1
24908,1
24909,1
24910,1
24911,1
24912,1
24913,1
24914,1
24915,1
24916,1
24917,1
24918,1
24919,1
24920,1
24921,1
24922,1
24923,1
24924,1
24925,1
24926,1
24927,1
24928,1
24929,1
24930,1
24931,1
24932,1
24933,1
24934,1
24935,1
24936,1
24937,1
24938,1
24939,1
24940,1
24941,1
24942,1
24943,1
24944,1
24945,1
24946,1
24947,1
24948,1
24949,1
24950,0
24951,1
24952,1
24953,1
24954,1
24955,1
24956,1
24957,1
24958,1
24959,1
24960,1
24961,1
24962,1
24963,1
24964,0
24965,1
24966,1
24967,1
24968,1
24969,0
24970,1
24971,0
24972,1
24973,1
24974,1
24975,1
24976,0
24977,1
24978,1
24979,1
24980,0
24981,0
24982,0
24983,1
24984,1
24985,1
24986,1
24987,0
24988,1
24989,0
24990,1
24991,1
24992,1
24993,1
24994,1
24995,1
24996,0
24997,0
24998,1
24999,1
25000,0
25001,1
25002,0
25003,0
25004,0
25005,0
25006,1
25007,1
25008,1
25009,1
25010,1
25011,1
25012,0
25013,1
25014,1
25015,1
25016,1
25017,1
25018,0
25019,0
25020,1
25021,1
25022,1
25023,1
25024,1
25025,1
25026,1
25027,1
25028,1
25029,0
25030,1
25031,1
25032,0
25033,0
25034,0
25035,0
25036,0
25037,1
25038,0
25039,1
25040,1
25041,0
25042,1
25043,1
25044,1
25045,0
25046,1
25047,1
25048,1
25049,1
25050,1
25051,1
25052,1
25053,1
25054,1
25055,1
25056,0
25057,0
25058,0
25059,1
25060,1
25061,1
25062,1
25063,0
25064,0
25065,1
25066,1
25067,1
25068,1
25069,0
25070,1
25071,1
25072,1
25073,0
25074,1
25075,0
25076,1
25077,1
25078,1
25079,1
25080,1
25081,0
25082,1
25083,0
25084,1
25085,1
25086,0
25087,1
25088,1
25089,1
25090,1
25091,1
25092,1
25093,1
25094,1
25095,0
25096,0
25097,0
25098,0
25099,0
25100,1
25101,0
25102,1
25103,1
25104,1
25105,0
25106,0
25107,0
25108,0
25109,0
25110,0
25111,0
25112,1
25113,1
25114,1
25115,1
25116,1
25117,0
25118,0
25119,1
25120,1
25121,1
25122,1
25123,1
25124,1
25125,1
25126,1
25127,1
25128,1
25129,1
25130,1
25131,1
25132,1
25133,1
25134,1
25135,1
25136,1
25137,1
25138,1
25139,1
25140,1
25141,1
25142,1
25143,1
25144,1
25145,0
25146,1
25147,0
25148,1
25149,1
25150,0
25151,0
25152,1
25153,1
25154,1
25155,1
25156,1
25157,1
25158,1
25159,1
25160,1
25161,1
25162,1
25163,1
25164,1
25165,1
25166,1
25167,0
25168,0
25169,0
25170,0
25171,1
25172,1
25173,1
25174,1
25175,1
25176,1
25177,1
25178,1
25179,1
25180,1
25181,1
25182,1
25183,1
25184,1
25185,1
25186,0
25187,1
25188,1
25189,1
25190,0
25191,1
25192,1
25193,1
25194,1
25195,1
25196,0
25197,1
25198,1
25199,1
25200,0
25201,0
25202,0
25203,1
25204,1
25205,1
25206,1
25207,1
25208,1
25209,1
25210,1
25211,1
25212,1
25213,0
25214,1
25215,1
25216,1
25217,1
25218,1
25219,0
25220,1
25221,0
25222,0
25223,1
25224,1
25225,1
25226,1
25227,0
25228,1
25229,0
25230,0
25231,1
25232,1
25233,1
25234,1
25235,1
25236,1
25237,0
25238,0
25239,0
25240,1
25241,1
25242,1
25243,0
25244,0
25245,0
25246,1
25247,1
25248,0
25249,1
25250,1
25251,1
25252,1
25253,1
25254,0
25255,0
25256,1
25257,1
25258,1
25259,0
25260,1
25261,0
25262,0
25263,0
25264,0
25265,0
25266,0
25267,1
25268,1
25269,0
25270,0
25271,0
25272,0
25273,0
25274,1
25275,1
25276,1
25277,1
25278,1
25279,1
25280,1
25281,1
25282,1
25283,0
25284,1
25285,0
25286,0
25287,0
25288,0
25289,0
25290,1
25291,1
25292,1
25293,1
25294,0
25295,0
25296,0
25297,0
25298,1
25299,0
25300,0
25301,0
25302,1
25303,0
25304,1
25305,1
25306,0
25307,1
25308,1
25309,0
25310,1
25311,0
25312,1
25313,0
25314,1
25315,1
25316,1
25317,1
25318,0
25319,1
25320,1
25321,0
25322,0
25323,0
25324,0
25325,0
25326,1
25327,1
25328,1
25329,1
25330,1
25331,1
25332,0
25333,0
25334,0
25335,0
25336,0
25337,1
25338,1
25339,1
25340,1
25341,1
25342,1
25343,1
25344,1
25345,1
25346,1
25347,1
25348,1
25349,1
25350,1
25351,1
25352,1
25353,0
25354,1
25355,1
25356,1
25357,1
25358,1
25359,1
25360,1
25361,1
25362,1
25363,1
25364,1
25365,1
25366,1
25367,1
25368,1
25369,1
25370,1
25371,0
25372,1
25373,1
25374,1
25375,1
25376,1
25377,1
25378,1
25379,1
25380,1
25381,1
25382,1
25383,1
25384,1
25385,1
25386,1
25387,0
25388,1
25389,1
25390,1
25391,1
25392,1
25393,1
25394,0
25395,1
25396,1
25397,1
25398,1
25399,1
25400,1
25401,1
25402,1
25403,0
25404,1
25405,0
25406,1
25407,1
25408,1
25409,1
25410,0
25411,1
25412,1
25413,0
25414,1
25415,0
25416,1
25417,1
25418,1
25419,0
25420,1
25421,0
25422,1
25423,1
25424,1
25425,0
25426,0
25427,0
25428,1
25429,1
25430,1
25431,0
25432,1
25433,1
25434,1
25435,1
25436,1
25437,1
25438,0
25439,0
25440,0
25441,1
25442,1
25443,1
25444,0
25445,0
25446,0
25447,0
25448,1
25449,1
25450,1
25451,1
25452,1
25453,1
25454,1
25455,0
25456,0
25457,1
25458,1
25459,1
25460,1
25461,1
25462,1
25463,0
25464,1
25465,1
25466,1
25467,0
25468,0
25469,1
25470,0
25471,1
25472,0
25473,1
25474,1
25475,0
25476,1
25477,1
25478,1
25479,0
25480,1
25481,1
25482,1
25483,0
25484,1
25485,1
25486,0
25487,0
25488,0
25489,0
25490,0
25491,0
25492,0
25493,0
25494,0
25495,0
25496,1
25497,1
25498,1
25499,0
25500,1
25501,1
25502,1
25503,1
25504,1
25505,1
25506,1
25507,1
25508,1
25509,1
25510,0
25511,0
25512,0
25513,0
25514,0
25515,0
25516,1
25517,1
25518,1
25519,0
25520,1
25521,0
25522,0
25523,1
25524,1
25525,1
25526,1
25527,1
25528,1
25529,0
25530,0
25531,0
25532,1
25533,1
25534,1
25535,1
25536,0
25537,0
25538,1
25539,1
25540,0
25541,1
25542,1
25543,0
25544,1
25545,1
25546,1
25547,0
25548,0
25549,0
25550,0
25551,0
25552,1
25553,1
25554,1
25555,1
25556,1
25557,0
25558,0
25559,0
25560,0
25561,1
25562,0
25563,1
25564,1
25565,1
25566,1
25567,1
25568,0
25569,1
25570,0
25571,1
25572,0
25573,1
25574,1
25575,1
25576,1
25577,0
25578,1
25579,1
25580,1
25581,1
25582,1
25583,1
25584,1
25585,1
25586,1
25587,1
25588,1
25589,1
25590,1
25591,1
25592,1
25593,0
25594,1
25595,1
25596,1
25597,1
25598,0
25599,1
25600,1
25601,1
25602,0
25603,1
25604,1
25605,0
25606,1
25607,1
25608,1
25609,1
25610,1
25611,1
25612,0
25613,1
25614,1
25615,1
25616,1
25617,1
25618,1
25619,1
25620,1
25621,1
25622,1
25623,1
25624,1
25625,1
25626,1
25627,1
25628,1
25629,1
25630,1
25631,1
25632,1
25633,0
25634,1
25635,1
25636,0
25637,1
25638,1
25639,0
25640,0
25641,0
25642,0
25643,0
25644,0
25645,0
25646,1
25647,0
25648,1
25649,1
25650,1
25651,1
25652,0
25653,1
25654,1
25655,0
25656,1
25657,1
25658,1
25659,1
25660,1
25661,1
25662,1
25663,0
25664,0
25665,0
25666,0
25667,1
25668,0
25669,1
25670,0
25671,1
25672,0
25673,0
25674,1
25675,1
25676,1
25677,1
25678,1
25679,1
25680,0
25681,0
25682,1
25683,1
25684,1
25685,1
25686,1
25687,1
25688,1
25689,1
25690,1
25691,1
25692,0
25693,1
25694,1
25695,1
25696,1
25697,1
25698,0
25699,0
25700,1
25701,1
25702,1
25703,1
25704,1
25705,1
25706,1
25707,1
25708,1
25709,1
25710,1
25711,0
25712,1
25713,1
25714,0
25715,0
25716,0
25717,0
25718,1
25719,0
25720,1
25721,1
25722,1
25723,1
25724,0
25725,1
25726,1
25727,1
25728,1
25729,1
25730,1
25731,1
25732,1
25733,1
25734,1
25735,1
25736,0
25737,0
25738,0
25739,0
25740,0
25741,1
25742,0
25743,1
25744,1
25745,1
25746,0
25747,1
25748,1
25749,1
25750,0
25751,1
25752,0
25753,0
25754,0
25755,1
25756,1
25757,0
25758,0
25759,0
25760,0
25761,0
25762,0
25763,1
25764,1
25765,1
25766,1
25767,0
25768,1
25769,0
25770,0
25771,1
25772,0
25773,0
25774,0
25775,0
25776,1
25777,1
25778,0
25779,1
25780,1
25781,1
25782,1
25783,0
25784,0
25785,0
25786,0
25787,0
25788,1
25789,1
25790,1
25791,1
25792,1
25793,0
25794,0
25795,1
25796,0
25797,1
25798,1
25799,1
25800,1
25801,1
25802,1
25803,0
25804,1
25805,1
25806,1
25807,1
25808,1
25809,1
25810,1
25811,1
25812,1
25813,1
25814,1
25815,1
25816,1
25817,1
25818,1
25819,1
25820,1
25821,1
25822,1
25823,1
25824,1
25825,0
25826,1
25827,1
25828,1
25829,1
25830,0
25831,1
25832,0
25833,1
25834,1
25835,0
25836,1
25837,1
25838,1
25839,1
25840,1
25841,1
25842,1
25843,1
25844,1
25845,1
25846,1
25847,1
25848,1
25849,1
25850,1
25851,1
25852,1
25853,1
25854,1
25855,1
25856,1
25857,0
25858,1
25859,1
25860,1
25861,0
25862,1
25863,1
25864,0
25865,1
25866,0
25867,0
25868,1
25869,1
25870,0
25871,1
25872,0
25873,0
25874,0
25875,1
25876,0
25877,0
25878,1
25879,1
25880,1
25881,1
25882,1
25883,1
25884,1
25885,1
25886,1
25887,1
25888,1
25889,0
25890,0
25891,1
25892,0
25893,0
25894,0
25895,0
25896,1
25897,0
25898,0
25899,0
25900,1
25901,1
25902,1
25903,1
25904,0
25905,1
25906,1
25907,1
25908,1
25909,1
25910,1
25911,1
25912,1
25913,1
25914,1
25915,1
25916,1
25917,1
25918,1
25919,1
25920,1
25921,1
25922,0
25923,0
25924,0
25925,1
25926,1
25927,1
25928,1
25929,1
25930,1
25931,0
25932,1
25933,1
25934,1
25935,1
25936,1
25937,1
25938,0
25939,0
25940,0
25941,0
25942,1
25943,0
25944,0
25945,0
25946,1
25947,1
25948,0
25949,0
25950,1
25951,1
25952,1
25953,1
25954,1
25955,1
25956,1
25957,1
25958,1
25959,1
25960,0
25961,1
25962,0
25963,0
25964,0
25965,1
25966,0
25967,0
25968,1
25969,1
25970,0
25971,0
25972,0
25973,0
25974,0
25975,1
25976,0
25977,1
25978,1
25979,1
25980,1
25981,1
25982,1
25983,0
25984,0
25985,1
25986,1
25987,0
25988,0
25989,0
25990,0
25991,0
25992,1
25993,1
25994,0
25995,0
25996,0
25997,0
25998,0
25999,0
26000,0
26001,0
26002,0
26003,1
26004,0
26005,0
26006,0
26007,1
26008,1
26009,0
26010,0
26011,0
26012,1
26013,1
26014,1
26015,1
26016,1
26017,1
26018,1
26019,0
26020,0
26021,1
26022,1
26023,1
26024,1
26025,1
26026,1
26027,1
26028,0
26029,1
26030,1
26031,1
26032,1
26033,1
26034,1
26035,1
26036,1
26037,1
26038,0
26039,0
26040,1
26041,1
26042,0
26043,0
26044,0
26045,1
26046,1
26047,1
26048,0
26049,1
26050,1
26051,1
26052,0
26053,1
26054,1
26055,1
26056,1
26057,1
26058,1
26059,0
26060,1
26061,1
26062,1
26063,1
26064,1
26065,1
26066,1
26067,1
26068,1
26069,0
26070,1
26071,1
26072,1
26073,1
26074,0
26075,1
26076,1
26077,1
26078,1
26079,1
26080,0
26081,1
26082,1
26083,0
26084,1
26085,0
26086,0
26087,0
26088,1
26089,1
26090,1
26091,1
26092,1
26093,1
26094,1
26095,1
26096,0
26097,1
26098,1
26099,0
26100,0
26101,1
26102,0
26103,1
26104,1
26105,1
26106,0
26107,1
26108,1
26109,1
26110,1
26111,1
26112,1
26113,1
26114,1
26115,1
26116,1
26117,1
26118,0
26119,0
26120,1
26121,0
26122,0
26123,0
26124,0
26125,1
26126,1
26127,1
26128,1
26129,1
26130,0
26131,1
26132,1
26133,1
26134,1
26135,1
26136,1
26137,1
26138,1
26139,1
26140,1
26141,1
26142,1
26143,1
26144,1
26145,1
26146,1
26147,1
26148,0
26149,0
26150,1
26151,1
26152,1
26153,0
26154,0
26155,1
26156,1
26157,0
26158,1
26159,1
26160,1
26161,1
26162,1
26163,1
26164,1
26165,0
26166,0
26167,0
26168,0
26169,0
26170,1
26171,0
26172,0
26173,0
26174,0
26175,1
26176,1
26177,1
26178,1
26179,1
26180,1
26181,1
26182,1
26183,1
26184,1
26185,1
26186,1
26187,1
26188,0
26189,1
26190,1
26191,1
26192,1
26193,0
26194,0
26195,0
26196,0
26197,0
26198,1
26199,0
26200,0
26201,0
26202,1
26203,1
26204,1
26205,1
26206,1
26207,1
26208,0
26209,0
26210,0
26211,1
26212,1
26213,0
26214,0
26215,0
26216,1
26217,1
26218,0
26219,1
26220,0
26221,0
26222,0
26223,0
26224,0
26225,0
26226,1
26227,1
26228,0
26229,1
26230,1
26231,0
26232,0
26233,1
26234,0
26235,1
26236,0
26237,1
26238,1
26239,1
26240,1
26241,1
26242,1
26243,1
26244,1
26245,0
26246,1
26247,1
26248,1
26249,1
26250,1
26251,1
26252,1
26253,1
26254,1
26255,1
26256,1
26257,1
26258,1
26259,1
26260,1
26261,1
26262,1
26263,0
26264,0
26265,1
26266,1
26267,0
26268,1
26269,0
26270,0
26271,1
26272,0
26273,1
26274,1
26275,1
26276,1
26277,1
26278,0
26279,1
26280,0
26281,1
26282,1
26283,1
26284,1
26285,1
26286,0
26287,1
26288,1
26289,0
26290,0
26291,1
26292,1
26293,1
26294,1
26295,1
26296,1
26297,1
26298,1
26299,1
26300,1
26301,1
26302,0
26303,1
26304,1
26305,1
26306,1
26307,1
26308,1
26309,1
26310,1
26311,1
26312,1
26313,1
26314,0
26315,1
26316,1
26317,1
26318,1
26319,0
26320,1
26321,0
26322,1
26323,1
26324,1
26325,1
26326,1
26327,1
26328,1
26329,0
26330,0
26331,0
26332,0
26333,1
26334,1
26335,0
26336,1
26337,1
26338,1
26339,1
26340,1
26341,1
26342,0
26343,0
26344,0
26345,0
26346,0
26347,0
26348,0
26349,0
26350,1
26351,1
26352,1
26353,1
26354,1
26355,1
26356,0
26357,1
26358,1
26359,1
26360,1
26361,1
26362,1
26363,1
26364,1
26365,1
26366,1
26367,1
26368,1
26369,0
26370,1
26371,0
26372,1
26373,0
26374,0
26375,1
26376,0
26377,0
26378,0
26379,0
26380,1
26381,0
26382,0
26383,1
26384,1
26385,1
26386,1
26387,1
26388,1
26389,1
26390,0
26391,0
26392,0
26393,0
26394,1
26395,0
26396,0
26397,0
26398,1
26399,0
26400,0
26401,0
26402,1
26403,1
26404,1
26405,1
26406,1
26407,1
26408,1
26409,1
26410,1
26411,1
26412,1
26413,0
26414,1
26415,1
26416,1
26417,0
26418,0
26419,0
26420,0
26421,0
26422,0
26423,1
26424,0
26425,0
26426,0
26427,0
26428,0
26429,0
26430,0
26431,0
26432,1
26433,1
26434,1
26435,1
26436,0
26437,1
26438,0
26439,1
26440,1
26441,1
26442,0
26443,0
26444,0
26445,0
26446,0
26447,0
26448,0
26449,0
26450,0
26451,1
26452,0
26453,1
26454,0
26455,1
26456,1
26457,1
26458,1
26459,1
26460,0
26461,1
26462,1
26463,1
26464,1
26465,1
26466,1
26467,1
26468,1
26469,1
26470,1
26471,1
26472,1
26473,1
26474,1
26475,1
26476,1
26477,1
26478,1
26479,1
26480,1
26481,1
26482,1
26483,1
26484,1
26485,1
26486,1
26487,1
26488,0
26489,0
26490,0
26491,1
26492,0
26493,0
26494,0
26495,0
26496,1
26497,1
26498,1
26499,0
26500,0
26501,0
26502,0
26503,0
26504,1
26505,1
26506,1
26507,1
26508,1
26509,0
26510,1
26511,0
26512,1
26513,1
26514,1
26515,1
26516,0
26517,1
26518,1
26519,1
26520,1
26521,1
26522,1
26523,1
26524,0
26525,1
26526,1
26527,1
26528,1
26529,1
26530,1
26531,0
26532,1
26533,1
26534,0
26535,0
26536,0
26537,1
26538,0
26539,1
26540,1
26541,1
26542,1
26543,0
26544,0
26545,1
26546,1
26547,1
26548,1
26549,1
26550,1
26551,0
26552,1
26553,0
26554,1
26555,1
26556,0
26557,0
26558,0
26559,0
26560,0
26561,0
26562,1
26563,1
26564,1
26565,1
26566,0
26567,0
26568,1
26569,0
26570,1
26571,1
26572,0
26573,0
26574,0
26575,1
26576,1
26577,1
26578,1
26579,0
26580,0
26581,0
26582,0
26583,1
26584,1
26585,1
26586,1
26587,1
26588,1
26589,1
26590,1
26591,1
26592,1
26593,1
26594,0
26595,1
26596,0
26597,1
26598,0
26599,0
26600,0
26601,0
26602,1
26603,1
26604,1
26605,1
26606,0
26607,0
26608,0
26609,1
26610,1
26611,1
26612,1
26613,1
26614,1
26615,1
26616,0
26617,0
26618,0
26619,1
26620,1
26621,0
26622,0
26623,1
26624,0
26625,0
26626,0
26627,1
26628,1
26629,1
26630,1
26631,1
26632,1
26633,1
26634,1
26635,1
26636,1
26637,1
26638,1
26639,1
26640,1
26641,1
26642,0
26643,0
26644,1
26645,0
26646,0
26647,0
26648,1
26649,1
26650,1
26651,0
26652,1
26653,1
26654,1
26655,0
26656,1
26657,0
26658,1
26659,1
26660,0
26661,0
26662,0
26663,1
26664,0
26665,0
26666,0
26667,0
26668,0
26669,0
26670,0
26671,0
26672,0
26673,0
26674,0
26675,0
26676,0
26677,1
26678,1
26679,0
26680,0
26681,1
26682,0
26683,1
26684,0
26685,1
26686,1
26687,1
26688,0
26689,1
26690,1
26691,0
26692,1
26693,0
26694,0
26695,1
26696,1
26697,1
26698,1
26699,1
26700,1
26701,1
26702,1
26703,1
26704,1
26705,1
26706,1
26707,1
26708,1
26709,1
26710,1
26711,0
26712,1
26713,0
26714,0
26715,0
26716,0
26717,0
26718,0
26719,0
26720,0
26721,1
26722,1
26723,0
26724,1
26725,0
26726,0
26727,0
26728,1
26729,1
26730,1
26731,1
26732,1
26733,0
26734,1
26735,1
26736,1
26737,0
26738,1
26739,1
26740,1
26741,1
26742,0
26743,1
26744,1
26745,1
26746,1
26747,0
26748,1
26749,1
26750,1
26751,1
26752,1
26753,1
26754,1
26755,1
26756,0
26757,1
26758,0
26759,1
26760,1
26761,1
26762,1
26763,1
26764,1
26765,0
26766,1
26767,0
26768,1
26769,0
26770,1
26771,0
26772,0
26773,1
26774,0
26775,1
26776,0
26777,1
26778,1
26779,1
26780,1
26781,0
26782,0
26783,0
26784,1
26785,0
26786,0
26787,0
26788,1
26789,1
26790,0
26791,0
26792,0
26793,0
26794,1
26795,1
26796,1
26797,0
26798,0
26799,0
26800,1
26801,1
26802,1
26803,1
26804,0
26805,0
26806,0
26807,0
26808,1
26809,1
26810,1
26811,1
26812,1
26813,1
26814,1
26815,1
26816,1
26817,1
26818,1
26819,0
26820,1
26821,1
26822,1
26823,1
26824,1
26825,1
26826,0
26827,0
26828,1
26829,1
26830,1
26831,0
26832,0
26833,0
26834,1
26835,1
26836,0
26837,1
26838,1
26839,1
26840,0
26841,1
26842,0
26843,0
26844,1
26845,1
26846,1
26847,0
26848,0
26849,0
26850,0
26851,1
26852,1
26853,1
26854,1
26855,1
26856,1
26857,1
26858,1
26859,1
26860,1
26861,1
26862,1
26863,1
26864,1
26865,1
26866,1
26867,1
26868,1
26869,1
26870,0
26871,0
26872,0
26873,0
26874,1
26875,1
26876,1
26877,0
26878,1
26879,1
26880,1
26881,1
26882,1
26883,0
26884,1
26885,0
26886,0
26887,0
26888,1
26889,0
26890,1
26891,1
26892,0
26893,0
26894,1
26895,0
26896,0
26897,0
26898,0
26899,0
26900,0
26901,1
26902,0
26903,0
26904,1
26905,1
26906,0
26907,0
26908,1
26909,0
26910,1
26911,1
26912,1
26913,1
26914,1
26915,1
26916,1
26917,1
26918,0
26919,1
26920,0
26921,1
26922,1
26923,1
26924,1
26925,1
26926,1
26927,1
26928,1
26929,1
26930,1
26931,1
26932,1
26933,1
26934,1
26935,1
26936,1
26937,0
26938,0
26939,0
26940,0
26941,1
26942,0
26943,0
26944,1
26945,0
26946,1
26947,1
26948,1
26949,0
26950,0
26951,0
26952,0
26953,1
26954,1
26955,1
26956,1
26957,1
26958,1
26959,1
26960,1
26961,0
26962,1
26963,0
26964,1
26965,1
26966,1
26967,1
26968,1
26969,1
26970,1
26971,1
26972,1
26973,1
26974,1
26975,1
26976,0
26977,0
26978,1
26979,0
26980,1
26981,1
26982,1
26983,1
26984,1
26985,0
26986,0
26987,0
26988,0
26989,0
26990,0
26991,0
26992,0
26993,0
26994,1
26995,1
26996,1
26997,1
26998,1
26999,1
27000,1
27001,1
27002,1
27003,1
27004,1
27005,1
27006,0
27007,1
27008,1
27009,1
27010,0
27011,0
27012,0
27013,0
27014,1
27015,1
27016,0
27017,0
27018,1
27019,1
27020,1
27021,1
27022,0
27023,0
27024,0
27025,0
27026,1
27027,1
27028,1
27029,0
27030,0
27031,1
27032,0
27033,1
27034,0
27035,1
27036,1
27037,1
27038,1
27039,1
27040,1
27041,1
27042,1
27043,1
27044,0
27045,0
27046,1
27047,1
27048,1
27049,1
27050,1
27051,0
27052,0
27053,1
27054,1
27055,1
27056,1
27057,1
27058,0
27059,1
27060,0
27061,0
27062,1
27063,1
27064,1
27065,0
27066,0
27067,0
27068,1
27069,1
27070,0
27071,0
27072,0
27073,0
27074,0
27075,1
27076,0
27077,0
27078,0
27079,1
27080,0
27081,1
27082,0
27083,1
27084,1
27085,0
27086,1
27087,1
27088,1
27089,1
27090,1
27091,1
27092,1
27093,1
27094,1
27095,0
27096,0
27097,0
27098,0
27099,0
27100,0
27101,1
27102,1
27103,1
27104,1
27105,1
27106,1
27107,0
27108,1
27109,0
27110,0
27111,0
27112,0
27113,0
27114,0
27115,1
27116,0
27117,0
27118,0
27119,1
27120,0
27121,0
27122,0
27123,0
27124,0
27125,0
27126,0
27127,0
27128,0
27129,0
27130,0
27131,0
27132,0
27133,0
27134,1
27135,1
27136,0
27137,0
27138,0
27139,1
27140,1
27141,0
27142,0
27143,0
27144,1
27145,1
27146,1
27147,1
27148,1
27149,1
27150,1
27151,1
27152,1
27153,1
27154,1
27155,1
27156,1
27157,1
27158,1
27159,1
27160,1
27161,1
27162,0
27163,0
27164,1
27165,1
27166,1
27167,0
27168,0
27169,1
27170,1
27171,1
27172,1
27173,1
27174,0
27175,0
27176,0
27177,0
27178,0
27179,1
27180,1
27181,1
27182,0
27183,1
27184,1
27185,1
27186,0
27187,1
27188,0
27189,1
27190,0
27191,1
27192,1
27193,1
27194,1
27195,1
27196,1
27197,1
27198,1
27199,0
27200,1
27201,1
27202,0
27203,1
27204,0
27205,1
27206,1
27207,1
27208,1
27209,0
27210,0
27211,1
27212,0
27213,1
27214,1
27215,1
27216,1
27217,1
27218,1
27219,0
27220,1
27221,1
27222,1
27223,1
27224,1
27225,1
27226,1
27227,1
27228,1
27229,1
27230,1
27231,1
27232,1
27233,1
27234,1
27235,0
27236,0
27237,0
27238,1
27239,0
27240,0
27241,1
27242,1
27243,1
27244,1
27245,1
27246,0
27247,1
27248,0
27249,1
27250,0
27251,1
27252,1
27253,1
27254,1
27255,1
27256,1
27257,1
27258,1
27259,1
27260,0
27261,1
27262,1
27263,1
27264,1
27265,1
27266,1
27267,1
27268,1
27269,0
27270,1
27271,1
27272,1
27273,1
27274,1
27275,0
27276,1
27277,0
27278,1
27279,1
27280,1
27281,1
27282,1
27283,1
27284,1
27285,1
27286,1
27287,1
27288,1
27289,1
27290,1
27291,0
27292,0
27293,0
27294,0
27295,0
27296,0
27297,0
27298,0
27299,0
27300,1
27301,0
27302,0
27303,0
27304,0
27305,0
27306,0
27307,1
27308,0
27309,1
27310,0
27311,1
27312,0
27313,1
27314,1
27315,1
27316,1
27317,1
27318,1
27319,1
27320,0
27321,0
27322,0
27323,0
27324,1
27325,1
27326,1
27327,1
27328,1
27329,1
27330,1
27331,1
27332,1
27333,1
27334,0
27335,0
27336,0
27337,1
27338,0
27339,1
27340,0
27341,1
27342,0
27343,0
27344,1
27345,1
27346,0
27347,0
27348,0
27349,0
27350,0
27351,0
27352,1
27353,0
27354,0
27355,1
27356,1
27357,0
27358,1
27359,1
27360,1
27361,1
27362,1
27363,1
27364,0
27365,0
27366,0
27367,1
27368,0
27369,0
27370,0
27371,1
27372,1
27373,1
27374,1
27375,1
27376,1
27377,1
27378,1
27379,1
27380,1
27381,1
27382,1
27383,1
27384,1
27385,1
27386,1
27387,0
27388,0
27389,0
27390,1
27391,1
27392,0
27393,0
27394,1
27395,1
27396,1
27397,1
27398,1
27399,0
27400,0
27401,0
27402,0
27403,0
27404,0
27405,1
27406,1
27407,1
27408,1
27409,1
27410,0
27411,1
27412,1
27413,1
27414,1
27415,1
27416,1
27417,1
27418,1
27419,1
27420,1
27421,1
27422,1
27423,0
27424,1
27425,1
27426,1
27427,1
27428,1
27429,1
27430,0
27431,1
27432,1
27433,1
27434,1
27435,1
27436,1
27437,1
27438,1
27439,1
27440,1
27441,1
27442,1
27443,1
27444,0
27445,1
27446,0
27447,1
27448,1
27449,1
27450,1
27451,1
27452,1
27453,1
27454,1
27455,1
27456,0
27457,0
27458,0
27459,0
27460,0
27461,1
27462,1
27463,1
27464,1
27465,1
27466,0
27467,0
27468,0
27469,1
27470,1
27471,0
27472,0
27473,0
27474,1
27475,1
27476,1
27477,1
27478,1
27479,1
27480,1
27481,0
27482,1
27483,1
27484,0
27485,0
27486,0
27487,1
27488,1
27489,1
27490,1
27491,1
27492,1
27493,1
27494,1
27495,1
27496,1
27497,1
27498,1
27499,1
27500,0
27501,0
27502,0
27503,1
27504,0
27505,1
27506,1
27507,1
27508,1
27509,1
27510,1
27511,1
27512,1
27513,1
27514,0
27515,1
27516,1
27517,1
27518,1
27519,0
27520,0
27521,0
27522,0
27523,1
27524,0
27525,1
27526,0
27527,0
27528,0
27529,0
27530,0
27531,0
27532,1
27533,0
27534,1
27535,1
27536,0
27537,1
27538,0
27539,0
27540,1
27541,1
27542,1
27543,1
27544,1
27545,1
27546,0
27547,0
27548,0
27549,0
27550,1
27551,1
27552,1
27553,1
27554,1
27555,0
27556,1
27557,1
27558,0
27559,1
27560,0
27561,1
27562,0
27563,0
27564,1
27565,1
27566,0
27567,0
27568,0
27569,1
27570,0
27571,0
27572,0
27573,0
27574,0
27575,0
27576,1
27577,1
27578,1
27579,1
27580,1
27581,0
27582,0
27583,0
27584,1
27585,1
27586,1
27587,0
27588,1
27589,1
27590,1
27591,0
27592,1
27593,1
27594,1
27595,1
27596,1
27597,1
27598,1
27599,1
27600,1
27601,1
27602,1
27603,1
27604,1
27605,1
27606,1
27607,1
27608,1
27609,1
27610,1
27611,1
27612,0
27613,0
27614,1
27615,1
27616,1
27617,0
27618,0
27619,1
27620,1
27621,0
27622,0
27623,1
27624,0
27625,0
27626,0
27627,0
27628,0
27629,0
27630,0
27631,0
27632,1
27633,1
27634,1
27635,1
27636,1
27637,1
27638,1
27639,1
27640,1
27641,1
27642,1
27643,1
27644,1
27645,0
27646,1
27647,0
27648,1
27649,1
27650,1
27651,1
27652,1
27653,1
27654,1
27655,1
27656,1
27657,1
27658,1
27659,0
27660,1
27661,1
27662,0
27663,0
27664,1
27665,1
27666,1
27667,0
27668,0
27669,0
27670,0
27671,1
27672,0
27673,1
27674,1
27675,1
27676,1
27677,1
27678,1
27679,1
27680,1
27681,0
27682,0
27683,0
27684,0
27685,1
27686,1
27687,1
27688,1
27689,1
27690,0
27691,0
27692,0
27693,1
27694,1
27695,1
27696,0
27697,0
27698,1
27699,0
27700,0
27701,1
27702,1
27703,1
27704,1
27705,1
27706,0
27707,0
27708,0
27709,0
27710,0
27711,1
27712,1
27713,1
27714,1
27715,1
27716,1
27717,1
27718,1
27719,1
27720,1
27721,0
27722,1
27723,0
27724,0
27725,0
27726,0
27727,1
27728,0
27729,1
27730,1
27731,0
27732,1
27733,1
27734,1
27735,0
27736,0
27737,0
27738,0
27739,1
27740,1
27741,1
27742,1
27743,1
27744,1
27745,0
27746,1
27747,1
27748,0
27749,1
27750,0
27751,0
27752,0
27753,0
27754,0
27755,0
27756,0
27757,0
27758,0
27759,0
27760,0
27761,0
27762,0
27763,1
27764,1
27765,1
27766,1
27767,1
27768,1
27769,1
27770,1
27771,1
27772,1
27773,0
27774,0
27775,1
27776,1
27777,0
27778,0
27779,0
27780,1
27781,1
27782,0
27783,1
27784,0
27785,0
27786,0
27787,1
27788,0
27789,0
27790,1
27791,0
27792,0
27793,0
27794,1
27795,0
27796,0
27797,0
27798,0
27799,0
27800,0
27801,1
27802,1
27803,0
27804,1
27805,1
27806,0
27807,0
27808,0
27809,1
27810,1
27811,0
27812,1
27813,1
27814,1
27815,1
27816,1
27817,0
27818,1
27819,1
27820,1
27821,1
27822,0
27823,0
27824,1
27825,1
27826,1
27827,1
27828,1
27829,1
27830,1
27831,1
27832,1
27833,1
27834,1
27835,1
27836,1
27837,0
27838,0
27839,0
27840,0
27841,0
27842,1
27843,1
27844,1
27845,1
27846,0
27847,0
27848,1
27849,1
27850,0
27851,0
27852,0
27853,0
27854,0
27855,1
27856,1
27857,1
27858,1
27859,1
27860,1
27861,1
27862,1
27863,1
27864,1
27865,1
27866,1
27867,1
27868,1
27869,1
27870,1
27871,1
27872,1
27873,1
27874,1
27875,1
27876,1
27877,1
27878,1
27879,1
27880,1
27881,1
27882,1
27883,0
27884,0
27885,1
27886,0
27887,1
27888,1
27889,0
27890,0
27891,0
27892,1
27893,0
27894,1
27895,0
27896,0
27897,0
27898,0
27899,1
27900,0
27901,1
27902,1
27903,1
27904,1
27905,1
27906,0
27907,0
27908,0
27909,0
27910,0
27911,1
27912,1
27913,1
27914,1
27915,1
27916,1
27917,1
27918,1
27919,1
27920,0
27921,0
27922,0
27923,1
27924,0
27925,0
27926,0
27927,1
27928,1
27929,1
27930,1
27931,1
27932,1
27933,0
27934,1
27935,0
27936,1
27937,1
27938,1
27939,1
27940,1
27941,1
27942,1
27943,1
27944,1
27945,1
27946,0
27947,1
27948,0
27949,0
27950,1
27951,1
27952,1
27953,1
27954,1
27955,0
27956,1
27957,1
27958,1
27959,0
27960,0
27961,1
27962,0
27963,1
27964,1
27965,0
27966,1
27967,1
27968,1
27969,1
27970,1
27971,1
27972,1
27973,0
27974,1
27975,1
27976,0
27977,0
27978,0
27979,0
27980,1
27981,0
27982,0
27983,0
27984,1
27985,0
27986,0
27987,0
27988,1
27989,1
27990,1
27991,1
27992,1
27993,1
27994,1
27995,1
27996,1
27997,1
27998,0
27999,0
28000,1
28001,1
28002,1
28003,0
28004,1
28005,0
28006,0
28007,0
28008,1
28009,1
28010,1
28011,1
28012,1
28013,1
28014,1
28015,0
28016,1
28017,0
28018,0
28019,0
28020,1
28021,1
28022,1
28023,0
28024,0
28025,0
28026,1
28027,0
28028,0
28029,1
28030,1
28031,1
28032,1
28033,1
28034,1
28035,1
28036,1
28037,1
28038,1
28039,1
28040,1
28041,0
28042,1
28043,1
28044,1
28045,1
28046,1
28047,1
28048,1
28049,1
28050,1
28051,1
28052,1
28053,1
28054,1
28055,1
28056,1
28057,1
28058,1
28059,1
28060,1
28061,0
28062,0
28063,0
28064,0
28065,0
28066,1
28067,0
28068,1
28069,1
28070,1
28071,0
28072,1
28073,1
28074,0
28075,0
28076,0
28077,1
28078,0
28079,0
28080,0
28081,0
28082,0
28083,0
28084,1
28085,0
28086,0
28087,1
28088,1
28089,1
28090,1
28091,1
28092,1
28093,0
28094,1
28095,1
28096,0
28097,1
28098,0
28099,0
28100,1
28101,1
28102,1
28103,0
28104,0
28105,1
28106,0
28107,1
28108,0
28109,1
28110,0
28111,1
28112,1
28113,0
28114,0
28115,1
28116,0
28117,1
28118,1
28119,0
28120,1
28121,0
28122,0
28123,0
28124,0
28125,1
28126,1
28127,0
28128,1
28129,0
28130,0
28131,0
28132,0
28133,1
28134,1
28135,1
28136,1
28137,1
28138,1
28139,1
28140,0
28141,0
28142,1
28143,1
28144,1
28145,1
28146,0
28147,0
28148,1
28149,0
28150,0
28151,0
28152,1
28153,1
28154,1
28155,1
28156,1
28157,1
28158,1
28159,0
28160,1
28161,1
28162,1
28163,1
28164,1
28165,1
28166,1
28167,1
28168,1
28169,1
28170,1
28171,1
28172,1
28173,1
28174,1
28175,1
28176,1
28177,0
28178,0
28179,0
28180,1
28181,1
28182,1
28183,1
28184,0
28185,0
28186,1
28187,1
28188,1
28189,1
28190,1
28191,1
28192,1
28193,0
28194,1
28195,1
28196,1
28197,1
28198,1
28199,0
28200,0
28201,0
28202,1
28203,0
28204,0
28205,0
28206,0
28207,0
28208,0
28209,0
28210,0
28211,0
28212,0
28213,0
28214,0
28215,1
28216,1
28217,1
28218,1
28219,1
28220,1
28221,1
28222,1
28223,1
28224,1
28225,0
28226,1
28227,1
28228,1
28229,1
28230,1
28231,0
28232,1
28233,0
28234,1
28235,0
28236,1
28237,0
28238,0
28239,0
28240,1
28241,0
28242,0
28243,0
28244,1
28245,1
28246,0
28247,0
28248,1
28249,0
28250,1
28251,1
28252,1
28253,1
28254,0
28255,1
28256,1
28257,0
28258,1
28259,1
28260,1
28261,1
28262,1
28263,0
28264,0
28265,1
28266,1
28267,1
28268,1
28269,1
28270,1
28271,1
28272,1
28273,1
28274,1
28275,0
28276,1
28277,1
28278,1
28279,1
28280,1
28281,1
28282,1
28283,1
28284,1
28285,1
28286,0
28287,0
28288,0
28289,1
28290,1
28291,1
28292,0
28293,1
28294,1
28295,0
28296,0
28297,0
28298,1
28299,0
28300,0
28301,0
28302,0
28303,0
28304,0
28305,0
28306,1
28307,0
28308,0
28309,0
28310,0
28311,0
28312,0
28313,1
28314,0
28315,0
28316,1
28317,1
28318,1
28319,1
28320,1
28321,1
28322,1
28323,1
28324,1
28325,1
28326,1
28327,1
28328,1
28329,1
28330,0
28331,0
28332,1
28333,1
28334,1
28335,1
28336,1
28337,1
28338,1
28339,1
28340,1
28341,1
28342,1
28343,1
28344,0
28345,1
28346,1
28347,0
28348,1
28349,1
28350,1
28351,0
28352,0
28353,0
28354,0
28355,0
28356,1
28357,0
28358,1
28359,1
28360,1
28361,1
28362,1
28363,0
28364,0
28365,1
28366,1
28367,1
28368,1
28369,1
28370,1
28371,1
28372,1
28373,1
28374,1
28375,1
28376,0
28377,1
28378,1
28379,1
28380,0
28381,0
28382,1
28383,1
28384,0
28385,0
28386,1
28387,0
28388,1
28389,1
28390,1
28391,1
28392,1
28393,1
28394,1
28395,1
28396,1
28397,1
28398,1
28399,0
28400,1
28401,1
28402,1
28403,1
28404,1
28405,1
28406,1
28407,0
28408,1
28409,1
28410,1
28411,1
28412,1
28413,0
28414,1
28415,1
28416,1
28417,1
28418,1
28419,1
28420,1
28421,1
28422,0
28423,0
28424,0
28425,0
28426,0
28427,0
28428,0
28429,0
28430,0
28431,0
28432,1
28433,0
28434,1
28435,0
28436,0
28437,0
28438,0
28439,0
28440,0
28441,1
28442,1
28443,1
28444,1
28445,1
28446,1
28447,1
28448,1
28449,1
28450,1
28451,1
28452,1
28453,1
28454,1
28455,1
28456,1
28457,1
28458,0
28459,1
28460,1
28461,0
28462,0
28463,0
28464,0
28465,0
28466,1
28467,0
28468,1
28469,0
28470,0
28471,0
28472,0
28473,0
28474,0
28475,0
28476,1
28477,1
28478,1
28479,1
28480,1
28481,0
28482,0
28483,1
28484,1
28485,0
28486,1
28487,1
28488,1
28489,1
28490,1
28491,1
28492,1
28493,1
28494,1
28495,1
28496,1
28497,1
28498,1
28499,1
28500,1
28501,1
28502,1
28503,1
28504,1
28505,1
28506,1
28507,1
28508,1
28509,1
28510,1
28511,1
28512,1
28513,1
28514,1
28515,1
28516,1
28517,1
28518,0
28519,1
28520,0
28521,0
28522,0
28523,0
28524,0
28525,0
28526,0
28527,0
28528,0
28529,0
28530,0
28531,0
28532,0
28533,0
28534,0
28535,0
28536,0
28537,1
28538,1
28539,0
28540,0
28541,1
28542,0
28543,1
28544,1
28545,1
28546,0
28547,1
28548,1
28549,0
28550,1
28551,1
28552,1
28553,1
28554,0
28555,1
28556,1
28557,1
28558,1
28559,0
28560,1
28561,1
28562,1
28563,0
28564,1
28565,1
28566,1
28567,1
28568,1
28569,1
28570,1
28571,1
28572,0
28573,1
28574,1
28575,1
28576,0
28577,0
28578,0
28579,0
28580,0
28581,1
28582,1
28583,1
28584,1
28585,1
28586,1
28587,1
28588,0
28589,0
28590,1
28591,0
28592,0
28593,1
28594,1
28595,1
28596,1
28597,1
28598,1
28599,1
28600,1
28601,1
28602,1
28603,1
28604,1
28605,0
28606,0
28607,1
28608,1
28609,1
28610,1
28611,0
28612,0
28613,1
28614,1
28615,1
28616,1
28617,1
28618,1
28619,1
28620,1
28621,1
28622,1
28623,0
28624,0
28625,1
28626,0
28627,0
28628,1
28629,0
28630,1
28631,0
28632,1
28633,1
28634,1
28635,1
28636,1
28637,0
28638,0
28639,0
28640,1
28641,1
28642,1
28643,1
28644,1
28645,1
28646,1
28647,1
28648,0
28649,0
28650,0
28651,0
28652,0
28653,0
28654,0
28655,0
28656,0
28657,0
28658,1
28659,0
28660,0
28661,0
28662,1
28663,1
28664,0
28665,1
28666,1
28667,1
28668,1
28669,1
28670,1
28671,1
28672,1
28673,1
28674,1
28675,1
28676,1
28677,0
28678,0
28679,1
28680,1
28681,1
28682,0
28683,0
28684,1
28685,1
28686,0
28687,1
28688,1
28689,1
28690,0
28691,1
28692,1
28693,0
28694,0
28695,0
28696,1
28697,0
28698,0
28699,0
28700,0
28701,1
28702,1
28703,1
28704,0
28705,0
28706,0
28707,0
28708,1
28709,1
28710,0
28711,1
28712,1
28713,1
28714,1
28715,1
28716,1
28717,1
28718,1
28719,1
28720,1
28721,1
28722,1
28723,1
28724,1
28725,1
28726,1
28727,1
28728,1
28729,1
28730,1
28731,1
28732,1
28733,1
28734,1
28735,1
28736,1
28737,1
28738,1
28739,1
28740,1
28741,1
28742,1
28743,0
28744,0
28745,0
28746,0
28747,0
28748,0
28749,0
28750,0
28751,0
28752,0
28753,0
28754,0
28755,0
28756,0
28757,0
28758,0
28759,0
28760,0
28761,0
28762,0
28763,0
28764,0
28765,1
28766,1
28767,1
28768,0
28769,1
28770,1
28771,1
28772,1
28773,0
28774,1
28775,1
28776,1
28777,1
28778,1
28779,1
28780,1
28781,1
28782,1
28783,0
28784,1
28785,1
28786,1
28787,1
28788,1
28789,0
28790,1
28791,1
28792,0
28793,1
28794,1
28795,1
28796,0
28797,1
28798,1
28799,1
28800,1
28801,0
28802,0
28803,0
28804,0
28805,0
28806,0
28807,1
28808,1
28809,1
28810,1
28811,1
28812,0
28813,0
28814,0
28815,0
28816,1
28817,0
28818,0
28819,0
28820,1
28821,1
28822,1
28823,1
28824,1
28825,1
28826,1
28827,1
28828,1
28829,1
28830,1
28831,1
28832,1
28833,1
28834,1
28835,1
28836,1
28837,1
28838,1
28839,1
28840,1
28841,1
28842,1
28843,1
28844,1
28845,1
28846,1
28847,1
28848,1
28849,1
28850,1
28851,1
28852,1
28853,0
28854,1
28855,1
28856,1
28857,1
28858,1
28859,0
28860,1
28861,1
28862,1
28863,1
28864,1
28865,1
28866,1
28867,1
28868,1
28869,1
28870,1
28871,1
28872,1
28873,1
28874,1
28875,1
28876,0
28877,1
28878,0
28879,0
28880,0
28881,0
28882,1
28883,0
28884,1
28885,0
28886,1
28887,1
28888,1
28889,0
28890,1
28891,1
28892,1
28893,1
28894,1
28895,0
28896,1
28897,1
28898,1
28899,1
28900,1
28901,1
28902,1
28903,0
28904,1
28905,0
28906,0
28907,0
28908,0
28909,0
28910,1
28911,1
28912,1
28913,0
28914,0
28915,0
28916,0
28917,0
28918,0
28919,0
28920,1
28921,0
28922,1
28923,1
28924,1
28925,0
28926,0
28927,1
28928,0
28929,0
28930,0
28931,0
28932,0
28933,0
28934,0
28935,0
28936,1
28937,1
28938,1
28939,1
28940,1
28941,1
28942,1
28943,1
28944,1
28945,1
28946,1
28947,1
28948,1
28949,1
28950,1
28951,1
28952,1
28953,1
28954,1
28955,1
28956,1
28957,1
28958,1
28959,1
28960,1
28961,1
28962,1
28963,0
28964,1
28965,1
28966,1
28967,1
28968,0
28969,0
28970,1
28971,0
28972,0
28973,1
28974,0
28975,0
28976,1
28977,0
28978,0
28979,0
28980,0
28981,0
28982,0
28983,0
28984,0
28985,0
28986,0
28987,1
28988,1
28989,0
28990,0
28991,0
28992,0
28993,0
28994,0
28995,1
28996,1
28997,1
28998,1
28999,1
29000,1
29001,1
29002,1
29003,0
29004,1
29005,0
29006,1
29007,1
29008,1
29009,1
29010,1
29011,0
29012,1
29013,1
29014,1
29015,1
29016,1
29017,1
29018,1
29019,1
29020,1
29021,0
29022,1
29023,1
29024,1
29025,0
29026,0
29027,0
29028,1
29029,0
29030,1
29031,1
29032,1
29033,0
29034,0
29035,1
29036,1
29037,1
29038,0
29039,1
29040,0
29041,0
29042,0
29043,0
29044,1
29045,0
29046,0
29047,1
29048,1
29049,1
29050,0
29051,1
29052,1
29053,1
29054,1
29055,1
29056,1
29057,1
29058,0
29059,0
29060,0
29061,1
29062,1
29063,1
29064,0
29065,1
29066,1
29067,1
29068,1
29069,1
29070,1
29071,0
29072,0
29073,0
29074,1
29075,1
29076,1
29077,1
29078,1
29079,1
29080,1
29081,1
29082,0
29083,1
29084,1
29085,1
29086,0
29087,1
29088,1
29089,1
29090,1
29091,1
29092,1
29093,1
29094,1
29095,1
29096,1
29097,1
29098,1
29099,1
29100,1
29101,0
29102,0
29103,0
29104,0
29105,0
29106,1
29107,1
29108,0
29109,1
29110,0
29111,1
29112,1
29113,1
29114,0
29115,1
29116,0
29117,0
29118,1
29119,0
29120,0
29121,0
29122,1
29123,1
29124,0
29125,1
29126,1
29127,1
29128,1
29129,1
29130,0
29131,1
29132,0
29133,1
29134,1
29135,1
29136,0
29137,0
29138,0
29139,1
29140,1
29141,1
29142,1
29143,0
29144,0
29145,0
29146,1
29147,0
29148,0
29149,1
29150,0
29151,0
29152,0
29153,0
29154,1
29155,1
29156,0
29157,0
29158,0
29159,1
29160,0
29161,1
29162,0
29163,1
29164,1
29165,1
29166,1
29167,1
29168,1
29169,1
29170,1
29171,1
29172,1
29173,1
29174,1
29175,1
29176,1
29177,1
29178,1
29179,1
29180,1
29181,1
29182,1
29183,1
29184,1
29185,1
29186,1
29187,1
29188,1
29189,1
29190,0
29191,1
29192,1
29193,0
29194,1
29195,1
29196,0
29197,0
29198,0
29199,1
29200,0
29201,0
29202,0
29203,0
29204,1
29205,1
29206,0
29207,0
29208,0
29209,0
29210,0
29211,1
29212,1
29213,1
29214,1
29215,1
29216,1
29217,0
29218,1
29219,1
29220,1
29221,1
29222,1
29223,1
29224,0
29225,1
29226,1
29227,1
29228,1
29229,1
29230,0
29231,1
29232,1
29233,0
29234,1
29235,1
29236,1
29237,0
29238,0
29239,1
29240,1
29241,1
29242,1
29243,1
29244,1
29245,0
29246,1
29247,0
29248,1
29249,1
29250,0
29251,0
29252,0
29253,0
29254,0
29255,1
29256,1
29257,0
29258,0
29259,1
29260,1
29261,1
29262,1
29263,0
29264,0
29265,1
29266,0
29267,0
29268,0
29269,1
29270,0
29271,0
29272,1
29273,0
29274,1
29275,1
29276,0
29277,1
29278,1
29279,1
29280,1
29281,0
29282,0
29283,0
29284,0
29285,0
29286,0
29287,1
29288,0
29289,0
29290,1
29291,0
29292,1
29293,1
29294,1
29295,1
29296,0
29297,0
29298,0
29299,0
29300,1
29301,1
29302,0
29303,1
29304,1
29305,1
29306,1
29307,1
29308,1
29309,1
29310,1
29311,1
29312,1
29313,1
29314,1
29315,0
29316,1
29317,1
29318,1
29319,1
29320,1
29321,1
29322,1
29323,1
29324,1
29325,0
29326,1
29327,0
29328,0
29329,0
29330,0
29331,0
29332,1
29333,0
29334,1
29335,0
29336,0
29337,1
29338,0
29339,1
29340,0
29341,0
29342,0
29343,0
29344,1
29345,1
29346,0
29347,1
29348,1
29349,1
29350,1
29351,1
29352,1
29353,1
29354,1
29355,1
29356,0
29357,0
29358,1
29359,0
29360,1
29361,0
29362,0
29363,0
29364,0
29365,0
29366,1
29367,1
29368,1
29369,1
29370,1
29371,1
29372,1
29373,1
29374,0
29375,1
29376,1
29377,0
29378,0
29379,1
29380,1
29381,0
29382,1
29383,0
29384,0
29385,0
29386,0
29387,1
29388,1
29389,1
29390,1
29391,1
29392,1
29393,1
29394,1
29395,1
29396,1
29397,1
29398,1
29399,1
29400,1
29401,1
29402,1
29403,1
29404,1
29405,1
29406,1
29407,1
29408,1
29409,1
29410,1
29411,1
29412,1
29413,1
29414,1
29415,0
29416,1
29417,1
29418,1
29419,1
29420,0
29421,0
29422,0
29423,0
29424,1
29425,0
29426,0
29427,0
29428,0
29429,0
29430,0
29431,0
29432,0
29433,0
29434,0
29435,1
29436,1
29437,1
29438,1
29439,0
29440,1
29441,1
29442,0
29443,1
29444,1
29445,1
29446,1
29447,1
29448,1
29449,0
29450,1
29451,1
29452,1
29453,1
29454,1
29455,1
29456,1
29457,1
29458,0
29459,1
29460,1
29461,0
29462,1
29463,1
29464,1
29465,0
29466,1
29467,0
29468,1
29469,1
29470,1
29471,1
29472,1
29473,1
29474,1
29475,0
29476,0
29477,0
29478,0
29479,1
29480,1
29481,0
29482,1
29483,1
29484,0
29485,0
29486,1
29487,0
29488,1
29489,1
29490,0
29491,0
29492,1
29493,1
29494,1
29495,1
29496,1
29497,1
29498,1
29499,0
29500,0
29501,1
29502,1
29503,1
29504,1
29505,1
29506,0
29507,0
29508,0
29509,0
29510,0
29511,1
29512,1
29513,0
29514,0
29515,0
29516,0
29517,0
29518,1
29519,1
29520,0
29521,0
29522,0
29523,0
29524,1
29525,1
29526,0
29527,0
29528,0
29529,1
29530,1
29531,1
29532,1
29533,1
29534,1
29535,0
29536,1
29537,1
29538,0
29539,1
29540,1
29541,1
29542,1
29543,1
29544,1
29545,1
29546,1
29547,1
29548,1
29549,1
29550,1
29551,0
29552,0
29553,0
29554,0
29555,1
29556,1
29557,0
29558,1
29559,1
29560,1
29561,0
29562,0
29563,0
29564,0
29565,1
29566,0
29567,0
29568,0
29569,1
29570,1
29571,1
29572,0
29573,1
29574,1
29575,1
29576,1
29577,0
29578,1
29579,1
29580,1
29581,1
29582,1
29583,1
29584,1
29585,1
29586,0
29587,0
29588,0
29589,1
29590,1
29591,1
29592,1
29593,0
29594,1
29595,0
29596,0
29597,1
29598,0
29599,0
29600,0
29601,1
29602,1
29603,0
29604,1
29605,0
29606,1
29607,1
29608,0
29609,1
29610,1
29611,0
29612,1
29613,0
29614,1
29615,1
29616,0
29617,1
29618,1
29619,1
29620,1
29621,1
29622,1
29623,1
29624,1
29625,1
29626,1
29627,1
29628,1
29629,1
29630,1
29631,1
29632,1
29633,1
29634,1
29635,1
29636,1
29637,1
29638,1
29639,1
29640,0
29641,0
29642,0
29643,1
29644,1
29645,1
29646,1
29647,0
29648,1
29649,1
29650,1
29651,0
29652,1
29653,0
29654,0
29655,0
29656,0
29657,1
29658,1
29659,1
29660,1
29661,1
29662,1
29663,1
29664,1
29665,0
29666,1
29667,1
29668,0
29669,1
29670,1
29671,1
29672,1
29673,1
29674,1
29675,1
29676,1
29677,0
29678,1
29679,1
29680,1
29681,1
29682,1
29683,1
29684,1
29685,1
29686,1
29687,0
29688,1
29689,1
29690,1
29691,1
29692,1
29693,1
29694,1
29695,1
29696,1
29697,0
29698,1
29699,1
29700,1
29701,1
29702,0
29703,0
29704,1
29705,1
29706,0
29707,0
29708,0
29709,0
29710,1
29711,1
29712,1
29713,0
29714,0
29715,1
29716,1
29717,0
29718,1
29719,1
29720,1
29721,1
29722,1
29723,0
29724,1
29725,1
29726,0
29727,1
29728,1
29729,1
29730,0
29731,0
29732,0
29733,1
29734,0
29735,1
29736,1
29737,0
29738,1
29739,0
29740,1
29741,0
29742,0
29743,1
29744,1
29745,1
29746,1
29747,0
29748,0
29749,1
29750,0
29751,1
29752,0
29753,0
29754,0
29755,1
29756,1
29757,1
29758,1
29759,1
29760,1
29761,1
29762,1
29763,1
29764,1
29765,1
29766,1
29767,1
29768,1
29769,1
29770,1
29771,1
29772,1
29773,1
29774,1
29775,1
29776,0
29777,0
29778,1
29779,0
29780,1
29781,1
29782,1
29783,1
29784,1
29785,1
29786,1
29787,1
29788,0
29789,1
29790,1
29791,1
29792,0
29793,0
29794,1
29795,0
29796,1
29797,1
29798,1
29799,1
29800,1
29801,1
29802,1
29803,1
29804,1
29805,0
29806,0
29807,1
29808,0
29809,0
29810,1
29811,0
29812,0
29813,0
29814,0
29815,0
29816,1
29817,0
29818,1
29819,0
29820,0
29821,1
29822,1
29823,1
29824,0
29825,0
29826,1
29827,1
29828,1
29829,1
29830,1
29831,1
29832,1
29833,1
29834,1
29835,0
29836,1
29837,1
29838,0
29839,1
29840,1
29841,1
29842,1
29843,1
29844,1
29845,1
29846,1
29847,1
29848,1
29849,1
29850,1
29851,1
29852,1
29853,1
29854,1
29855,1
29856,1
29857,1
29858,1
29859,1
29860,1
29861,1
29862,1
29863,1
29864,1
29865,1
29866,1
29867,1
29868,1
29869,1
29870,1
29871,0
29872,0
29873,1
29874,1
29875,1
29876,1
29877,1
29878,1
29879,1
29880,1
29881,0
29882,0
29883,1
29884,1
29885,1
29886,1
29887,1
29888,1
29889,1
29890,1
29891,1
29892,0
29893,0
29894,1
29895,1
29896,1
29897,0
29898,1
29899,1
29900,1
29901,1
29902,1
29903,0
29904,1
29905,0
29906,1
29907,1
29908,1
29909,0
29910,1
29911,1
29912,1
29913,1
29914,1
29915,1
29916,1
29917,1
29918,1
29919,1
29920,0
29921,1
29922,1
29923,1
29924,0
29925,1
29926,1
29927,1
29928,0
29929,0
29930,1
29931,1
29932,1
29933,1
29934,0
29935,1
29936,1
29937,1
29938,1
29939,1
29940,1
29941,0
29942,0
29943,0
29944,1
29945,1
29946,0
29947,1
29948,0
29949,1
29950,0
29951,0
29952,1
29953,0
29954,1
29955,1
29956,1
29957,1
29958,1
29959,1
29960,1
29961,1
29962,1
29963,1
29964,1
29965,1
29966,1
29967,1
29968,1
29969,1
29970,0
29971,0
29972,0
29973,1
29974,1
29975,0
29976,1
29977,0
29978,0
29979,1
29980,1
29981,1
29982,1
29983,1
29984,1
29985,1
29986,1
29987,1
29988,1
29989,1
29990,1
29991,1
29992,1
29993,1
29994,1
29995,1
29996,0
29997,0
29998,0
29999,1
30000,0
30001,0
30002,1
30003,1
30004,1
30005,1
30006,1
30007,1
30008,1
30009,1
30010,0
30011,0
30012,1
30013,1
30014,1
30015,1
30016,1
30017,1
30018,0
30019,0
30020,0
30021,0
30022,1
30023,1
30024,1
30025,1
30026,1
30027,1
30028,1
30029,1
30030,0
30031,0
30032,0
30033,0
30034,0
30035,1
30036,0
30037,0
30038,0
30039,0
30040,1
30041,0
30042,0
30043,1
30044,0
30045,0
30046,1
30047,1
30048,1
30049,0
30050,0
30051,0
30052,1
30053,1
30054,1
30055,0
30056,1
30057,0
30058,1
30059,0
30060,0
30061,0
30062,1
30063,1
30064,1
30065,1
30066,1
30067,1
30068,1
30069,1
30070,1
30071,1
30072,1
30073,0
30074,1
30075,1
30076,1
30077,1
30078,1
30079,1
30080,1
30081,1
30082,1
30083,1
30084,1
30085,1
30086,1
30087,1
30088,1
30089,0
30090,1
30091,1
30092,1
30093,1
30094,1
30095,0
30096,1
30097,1
30098,1
30099,1
30100,1
30101,1
30102,1
30103,1
30104,1
30105,1
30106,1
30107,1
30108,1
30109,1
30110,1
30111,1
30112,1
30113,1
30114,0
30115,1
30116,0
30117,1
30118,1
30119,1
30120,0
30121,1
30122,1
30123,0
30124,1
30125,0
30126,1
30127,1
30128,1
30129,1
30130,1
30131,1
30132,1
30133,1
30134,1
30135,1
30136,0
30137,0
30138,1
30139,1
30140,1
30141,1
30142,1
30143,0
30144,1
30145,1
30146,0
30147,1
30148,1
30149,0
30150,1
30151,0
30152,0
30153,0
30154,0
30155,0
30156,0
30157,1
30158,1
30159,0
30160,1
30161,1
30162,1
30163,0
30164,0
30165,1
30166,1
30167,1
30168,1
30169,0
30170,1
30171,1
30172,1
30173,1
30174,1
30175,1
30176,1
30177,0
30178,1
30179,1
30180,1
30181,1
30182,1
30183,1
30184,1
30185,1
30186,1
30187,1
30188,1
30189,1
30190,0
30191,1
30192,1
30193,1
30194,1
30195,1
30196,1
30197,1
30198,1
30199,0
30200,1
30201,1
30202,1
30203,0
30204,1
30205,0
30206,0
30207,1
30208,1
30209,1
30210,1
30211,1
30212,1
30213,1
30214,1
30215,1
30216,1
30217,1
30218,1
30219,0
30220,0
30221,0
30222,0
30223,1
30224,1
30225,1
30226,0
30227,1
30228,1
30229,1
30230,1
30231,1
30232,1
30233,1
30234,0
30235,0
30236,0
30237,1
30238,0
30239,0
30240,0
30241,1
30242,0
30243,0
30244,0
30245,0
30246,0
30247,1
30248,1
30249,1
30250,1
30251,1
30252,1
30253,1
30254,1
30255,1
30256,0
30257,0
30258,0
30259,0
30260,1
30261,0
30262,0
30263,0
30264,0
30265,1
30266,1
30267,1
30268,1
30269,0
30270,0
30271,0
30272,1
30273,1
30274,0
30275,0
30276,0
30277,0
30278,1
30279,0
30280,0
30281,0
30282,1
30283,1
30284,0
30285,1
30286,1
30287,1
30288,1
30289,1
30290,1
30291,1
30292,1
30293,1
30294,1
30295,1
30296,1
30297,1
30298,1
30299,1
30300,1
30301,1
30302,1
30303,1
30304,1
30305,1
30306,1
30307,1
30308,1
30309,1
30310,1
30311,1
30312,1
30313,1
30314,1
30315,1
30316,1
30317,1
30318,1
30319,1
30320,1
30321,1
30322,0
30323,1
30324,1
30325,0
30326,1
30327,1
30328,1
30329,1
30330,1
30331,1
30332,1
30333,1
30334,1
30335,1
30336,1
30337,1
30338,1
30339,1
30340,1
30341,1
30342,0
30343,1
30344,1
30345,1
30346,1
30347,1
30348,0
30349,1
30350,1
30351,1
30352,1
30353,1
30354,1
30355,1
30356,1
30357,1
30358,0
30359,1
30360,0
30361,1
30362,1
30363,0
30364,1
30365,1
30366,1
30367,1
30368,0
30369,1
30370,1
30371,1
30372,1
30373,1
30374,1
30375,1
30376,1
30377,0
30378,1
30379,1
30380,1
30381,1
30382,0
30383,1
30384,0
30385,1
30386,1
30387,1
30388,0
30389,1
30390,1
30391,1
30392,0
30393,0
30394,1
30395,1
30396,0
30397,1
30398,1
30399,1
30400,1
30401,0
30402,0
30403,1
30404,0
30405,1
30406,1
30407,1
30408,1
30409,1
30410,1
30411,1
30412,1
30413,0
30414,0
30415,1
30416,1
30417,1
30418,1
30419,1
30420,1
30421,1
30422,1
30423,1
30424,1
30425,1
30426,0
30427,1
30428,0
30429,0
30430,0
30431,1
30432,1
30433,1
30434,1
30435,1
30436,1
30437,1
30438,1
30439,1
30440,1
30441,1
30442,1
30443,1
30444,1
30445,0
30446,0
30447,1
30448,0
30449,1
30450,1
30451,0
30452,0
30453,1
30454,1
30455,1
30456,1
30457,0
30458,1
30459,1
30460,1
30461,1
30462,0
30463,0
30464,0
30465,0
30466,0
30467,0
30468,0
30469,0
30470,0
30471,0
30472,1
30473,1
30474,1
30475,1
30476,1
30477,1
30478,1
30479,1
30480,0
30481,0
30482,0
30483,0
30484,0
30485,1
30486,0
30487,0
30488,0
30489,0
30490,0
30491,1
30492,0
30493,0
30494,0
30495,1
30496,0
30497,0
30498,0
30499,0
30500,0
30501,0
30502,0
30503,0
30504,0
30505,0
30506,1
30507,1
30508,1
30509,1
30510,1
30511,0
30512,1
30513,1
30514,0
30515,1
30516,1
30517,1
30518,1
30519,1
30520,1
30521,1
30522,1
30523,1
30524,1
30525,1
30526,1
30527,1
30528,1
30529,1
30530,1
30531,1
30532,1
30533,1
30534,1
30535,1
30536,1
30537,1
30538,1
30539,1
30540,1
30541,0
30542,1
30543,1
30544,1
30545,1
30546,1
30547,1
30548,1
30549,1
30550,1
30551,1
30552,1
30553,1
30554,0
30555,1
30556,1
30557,1
30558,1
30559,1
30560,1
30561,1
30562,0
30563,1
30564,1
30565,1
30566,1
30567,1
30568,1
30569,1
30570,1
30571,1
30572,1
30573,1
30574,0
30575,0
30576,1
30577,1
30578,1
30579,1
30580,1
30581,1
30582,1
30583,1
30584,1
30585,1
30586,1
30587,0
30588,1
30589,1
30590,1
30591,1
30592,1
30593,1
30594,0
30595,1
30596,0
30597,1
30598,1
30599,1
30600,0
30601,0
30602,0
30603,1
30604,0
30605,1
30606,0
30607,0
30608,1
30609,0
30610,1
30611,1
30612,1
30613,0
30614,1
30615,1
30616,1
30617,1
30618,1
30619,0
30620,1
30621,0
30622,0
30623,1
30624,1
30625,0
30626,0
30627,1
30628,1
30629,1
30630,1
30631,1
30632,1
30633,1
30634,1
30635,0
30636,1
30637,1
30638,0
30639,1
30640,1
30641,1
30642,1
30643,1
30644,1
30645,1
30646,1
30647,1
30648,1
30649,1
30650,1
30651,1
30652,1
30653,0
30654,0
30655,0
30656,0
30657,1
30658,1
30659,1
30660,1
30661,1
30662,1
30663,1
30664,1
30665,1
30666,1
30667,1
30668,1
30669,1
30670,1
30671,1
30672,1
30673,0
30674,0
30675,0
30676,0
30677,0
30678,0
30679,0
30680,1
30681,1
30682,1
30683,1
30684,1
30685,1
30686,1
30687,1
30688,1
30689,0
30690,0
30691,0
30692,0
30693,0
30694,0
30695,0
30696,0
30697,1
30698,1
30699,1
30700,1
30701,1
30702,1
30703,1
30704,0
30705,0
30706,1
30707,0
30708,0
30709,1
30710,1
30711,1
30712,0
30713,1
30714,0
30715,0
30716,0
30717,0
30718,0
30719,0
30720,1
30721,0
30722,0
30723,1
30724,0
30725,0
30726,0
30727,0
30728,1
30729,0
30730,0
30731,0
30732,0
30733,0
30734,0
30735,1
30736,1
30737,0
30738,1
30739,1
30740,1
30741,1
30742,1
30743,1
30744,1
30745,1
30746,1
30747,1
30748,1
30749,1
30750,1
30751,1
30752,1
30753,1
30754,1
30755,1
30756,1
30757,1
30758,1
30759,1
30760,1
30761,1
30762,0
30763,0
30764,1
30765,1
30766,1
30767,1
30768,1
30769,1
30770,1
30771,1
30772,1
30773,1
30774,1
30775,1
30776,0
30777,1
30778,1
30779,0
30780,1
30781,1
30782,1
30783,0
30784,0
30785,0
30786,1
30787,1
30788,1
30789,1
30790,1
30791,1
30792,1
30793,1
30794,0
30795,1
30796,0
30797,1
30798,1
30799,0
30800,1
30801,0
30802,1
30803,1
30804,0
30805,1
30806,1
30807,1
30808,1
30809,0
30810,1
30811,1
30812,1
30813,1
30814,1
30815,1
30816,1
30817,1
30818,1
30819,1
30820,1
30821,1
30822,0
30823,1
30824,1
30825,1
30826,1
30827,0
30828,0
30829,0
30830,0
30831,1
30832,0
30833,0
30834,1
30835,0
30836,1
30837,1
30838,0
30839,0
30840,0
30841,0
30842,1
30843,1
30844,1
30845,1
30846,0
30847,0
30848,0
30849,1
30850,0
30851,1
30852,1
30853,1
30854,1
30855,1
30856,1
30857,1
30858,0
30859,0
30860,1
30861,0
30862,1
30863,0
30864,1
30865,1
30866,1
30867,1
30868,1
30869,1
30870,1
30871,1
30872,1
30873,1
30874,1
30875,1
30876,1
30877,1
30878,1
30879,1
30880,0
30881,1
30882,1
30883,1
30884,1
30885,1
30886,1
30887,0
30888,1
30889,1
30890,1
30891,1
30892,1
30893,1
30894,0
30895,1
30896,1
30897,0
30898,0
30899,0
30900,0
30901,0
30902,0
30903,0
30904,1
30905,1
30906,1
30907,1
30908,1
30909,1
30910,1
30911,1
30912,0
30913,1
30914,1
30915,0
30916,0
30917,0
30918,1
30919,0
30920,0
30921,1
30922,1
30923,1
30924,1
30925,1
30926,1
30927,1
30928,1
30929,0
30930,0
30931,0
30932,0
30933,0
30934,0
30935,0
30936,1
30937,1
30938,0
30939,0
30940,0
30941,0
30942,0
30943,0
30944,0
30945,0
30946,0
30947,0
30948,1
30949,1
30950,0
30951,0
30952,0
30953,1
30954,1
30955,0
30956,0
30957,0
30958,0
30959,0
30960,0
30961,0
30962,0
30963,0
30964,1
30965,0
30966,1
30967,0
30968,1
30969,1
30970,1
30971,1
30972,1
30973,1
30974,1
30975,1
30976,1
30977,1
30978,1
30979,1
30980,1
30981,1
30982,1
30983,1
30984,1
30985,1
30986,1
30987,0
30988,0
30989,1
30990,1
30991,1
30992,1
30993,1
30994,1
30995,1
30996,1
30997,1
30998,1
30999,1
31000,0
31001,1
31002,0
31003,0
31004,1
31005,1
31006,0
31007,0
31008,0
31009,0
31010,0
31011,1
31012,0
31013,1
31014,1
31015,1
31016,1
31017,1
31018,1
31019,0
31020,1
31021,1
31022,1
31023,1
31024,0
31025,1
31026,0
31027,0
31028,0
31029,1
31030,0
31031,0
31032,1
31033,1
31034,0
31035,1
31036,1
31037,1
31038,0
31039,1
31040,1
31041,1
31042,1
31043,1
31044,0
31045,1
31046,1
31047,0
31048,1
31049,1
31050,1
31051,0
31052,0
31053,1
31054,1
31055,0
31056,1
31057,0
31058,1
31059,0
31060,1
31061,1
31062,1
31063,0
31064,0
31065,1
31066,1
31067,1
31068,0
31069,1
31070,0
31071,0
31072,1
31073,1
31074,0
31075,0
31076,1
31077,1
31078,1
31079,1
31080,1
31081,1
31082,1
31083,1
31084,1
31085,1
31086,1
31087,1
31088,1
31089,1
31090,1
31091,1
31092,1
31093,1
31094,1
31095,1
31096,1
31097,1
31098,1
31099,1
31100,1
31101,1
31102,1
31103,1
31104,1
31105,1
31106,0
31107,1
31108,1
31109,1
31110,1
31111,1
31112,0
31113,0
31114,1
31115,1
31116,1
31117,1
31118,1
31119,1
31120,0
31121,0
31122,0
31123,0
31124,0
31125,0
31126,0
31127,0
31128,0
31129,1
31130,1
31131,0
31132,1
31133,1
31134,1
31135,1
31136,0
31137,0
31138,0
31139,1
31140,0
31141,0
31142,0
31143,1
31144,1
31145,0
31146,0
31147,1
31148,1
31149,1
31150,1
31151,1
31152,1
31153,1
31154,0
31155,0
31156,0
31157,0
31158,0
31159,1
31160,1
31161,0
31162,1
31163,0
31164,0
31165,0
31166,0
31167,0
31168,0
31169,0
31170,0
31171,0
31172,0
31173,0
31174,0
31175,0
31176,0
31177,0
31178,1
31179,1
31180,0
31181,0
31182,0
31183,0
31184,0
31185,0
31186,0
31187,0
31188,0
31189,1
31190,1
31191,1
31192,1
31193,1
31194,1
31195,1
31196,1
31197,1
31198,1
31199,1
31200,1
31201,1
31202,0
31203,1
31204,1
31205,1
31206,1
31207,1
31208,1
31209,1
31210,1
31211,1
31212,1
31213,1
31214,0
31215,1
31216,1
31217,1
31218,1
31219,1
31220,1
31221,1
31222,1
31223,1
31224,1
31225,0
31226,0
31227,1
31228,1
31229,0
31230,1
31231,0
31232,0
31233,0
31234,0
31235,0
31236,1
31237,1
31238,1
31239,1
31240,0
31241,1
31242,1
31243,1
31244,1
31245,1
31246,1
31247,1
31248,1
31249,1
31250,1
31251,1
31252,1
31253,1
31254,1
31255,1
31256,1
31257,0
31258,1
31259,0
31260,1
31261,1
31262,0
31263,1
31264,1
31265,1
31266,1
31267,1
31268,0
31269,0
31270,1
31271,0
31272,1
31273,0
31274,1
31275,1
31276,1
31277,1
31278,0
31279,1
31280,0
31281,0
31282,1
31283,0
31284,0
31285,1
31286,1
31287,1
31288,1
31289,0
31290,0
31291,1
31292,1
31293,0
31294,1
31295,1
31296,1
31297,0
31298,1
31299,1
31300,0
31301,1
31302,1
31303,1
31304,1
31305,1
31306,1
31307,1
31308,1
31309,1
31310,1
31311,1
31312,1
31313,1
31314,1
31315,1
31316,1
31317,1
31318,1
31319,1
31320,1
31321,1
31322,1
31323,1
31324,1
31325,1
31326,1
31327,1
31328,1
31329,1
31330,1
31331,1
31332,1
31333,1
31334,1
31335,1
31336,1
31337,0
31338,0
31339,0
31340,1
31341,0
31342,1
31343,1
31344,1
31345,1
31346,0
31347,0
31348,0
31349,0
31350,0
31351,0
31352,0
31353,0
31354,1
31355,0
31356,1
31357,1
31358,1
31359,1
31360,1
31361,1
31362,1
31363,1
31364,0
31365,0
31366,0
31367,1
31368,1
31369,0
31370,1
31371,1
31372,1
31373,1
31374,1
31375,1
31376,1
31377,1
31378,1
31379,0
31380,1
31381,1
31382,0
31383,0
31384,0
31385,1
31386,0
31387,0
31388,0
31389,1
31390,0
31391,0
31392,0
31393,0
31394,0
31395,0
31396,0
31397,0
31398,0
31399,0
31400,0
31401,0
31402,0
31403,0
31404,0
31405,1
31406,0
31407,0
31408,0
31409,0
31410,0
31411,0
31412,1
31413,1
31414,1
31415,1
31416,1
31417,1
31418,1
31419,1
31420,1
31421,0
31422,1
31423,1
31424,1
31425,1
31426,1
31427,1
31428,1
31429,1
31430,1
31431,1
31432,1
31433,1
31434,1
31435,1
31436,1
31437,1
31438,0
31439,1
31440,1
31441,1
31442,1
31443,1
31444,1
31445,1
31446,1
31447,1
31448,1
31449,1
31450,0
31451,1
31452,0
31453,0
31454,1
31455,1
31456,0
31457,0
31458,0
31459,0
31460,0
31461,1
31462,1
31463,1
31464,1
31465,0
31466,1
31467,1
31468,0
31469,1
31470,1
31471,1
31472,0
31473,1
31474,0
31475,0
31476,1
31477,1
31478,1
31479,1
31480,1
31481,0
31482,0
31483,0
31484,1
31485,1
31486,1
31487,1
31488,1
31489,1
31490,1
31491,1
31492,1
31493,1
31494,0
31495,0
31496,0
31497,1
31498,0
31499,1
31500,1
31501,1
31502,0
31503,0
31504,0
31505,0
31506,0
31507,0
31508,0
31509,0
31510,1
31511,1
31512,1
31513,1
31514,1
31515,0
31516,0
31517,0
31518,0
31519,1
31520,1
31521,0
31522,0
31523,1
31524,1
31525,1
31526,0
31527,1
31528,1
31529,0
31530,1
31531,0
31532,1
31533,1
31534,1
31535,1
31536,1
31537,1
31538,0
31539,0
31540,1
31541,1
31542,1
31543,1
31544,1
31545,1
31546,1
31547,1
31548,1
31549,1
31550,1
31551,0
31552,1
31553,1
31554,0
31555,0
31556,0
31557,0
31558,1
31559,1
31560,1
31561,1
31562,0
31563,1
31564,1
31565,0
31566,0
31567,0
31568,0
31569,0
31570,1
31571,0
31572,0
31573,0
31574,0
31575,0
31576,0
31577,0
31578,0
31579,1
31580,0
31581,0
31582,0
31583,0
31584,0
31585,0
31586,0
31587,1
31588,1
31589,1
31590,1
31591,1
31592,1
31593,0
31594,1
31595,1
31596,1
31597,0
31598,1
31599,1
31600,1
31601,1
31602,1
31603,1
31604,0
31605,1
31606,1
31607,1
31608,0
31609,1
31610,1
31611,0
31612,0
31613,1
31614,0
31615,0
31616,0
31617,0
31618,0
31619,0
31620,0
31621,0
31622,1
31623,0
31624,0
31625,0
31626,0
31627,0
31628,0
31629,0
31630,0
31631,1
31632,0
31633,0
31634,0
31635,0
31636,0
31637,0
31638,1
31639,0
31640,1
31641,1
31642,1
31643,1
31644,1
31645,1
31646,1
31647,1
31648,1
31649,1
31650,1
31651,1
31652,1
31653,1
31654,1
31655,1
31656,1
31657,1
31658,1
31659,1
31660,1
31661,1
31662,1
31663,1
31664,1
31665,0
31666,1
31667,1
31668,1
31669,1
31670,1
31671,1
31672,1
31673,0
31674,1
31675,1
31676,1
31677,1
31678,1
31679,1
31680,1
31681,1
31682,0
31683,0
31684,0
31685,0
31686,1
31687,1
31688,1
31689,1
31690,1
31691,1
31692,1
31693,1
31694,1
31695,1
31696,1
31697,1
31698,1
31699,1
31700,1
31701,1
31702,1
31703,1
31704,1
31705,1
31706,1
31707,1
31708,0
31709,0
31710,1
31711,1
31712,1
31713,1
31714,1
31715,1
31716,0
31717,0
31718,0
31719,1
31720,1
31721,1
31722,1
31723,1
31724,1
31725,1
31726,1
31727,0
31728,0
31729,1
31730,1
31731,1
31732,1
31733,1
31734,0
31735,1
31736,0
31737,1
31738,1
31739,1
31740,1
31741,1
31742,0
31743,0
31744,0
31745,1
31746,1
31747,1
31748,1
31749,0
31750,1
31751,1
31752,0
31753,0
31754,0
31755,0
31756,0
31757,1
31758,1
31759,0
31760,1
31761,1
31762,1
31763,1
31764,1
31765,1
31766,1
31767,1
31768,1
31769,1
31770,1
31771,1
31772,1
31773,1
31774,1
31775,1
31776,1
31777,1
31778,1
31779,1
31780,1
31781,0
31782,0
31783,0
31784,1
31785,1
31786,1
31787,0
31788,0
31789,0
31790,1
31791,1
31792,0
31793,0
31794,0
31795,0
31796,0
31797,0
31798,0
31799,0
31800,0
31801,0
31802,0
31803,0
31804,0
31805,0
31806,1
31807,0
31808,0
31809,0
31810,1
31811,1
31812,1
31813,1
31814,1
31815,1
31816,1
31817,1
31818,1
31819,1
31820,1
31821,1
31822,1
31823,1
31824,1
31825,1
31826,1
31827,1
31828,0
31829,0
31830,1
31831,1
31832,1
31833,0
31834,1
31835,1
31836,0
31837,0
31838,0
31839,0
31840,0
31841,0
31842,0
31843,0
31844,0
31845,0
31846,0
31847,0
31848,0
31849,0
31850,0
31851,0
31852,0
31853,0
31854,0
31855,0
31856,0
31857,1
31858,1
31859,1
31860,0
31861,1
31862,0
31863,0
31864,1
31865,1
31866,1
31867,0
31868,0
31869,1
31870,0
31871,1
31872,1
31873,1
31874,1
31875,1
31876,1
31877,1
31878,1
31879,1
31880,1
31881,1
31882,1
31883,1
31884,1
31885,1
31886,1
31887,1
31888,1
31889,1
31890,0
31891,1
31892,1
31893,1
31894,1
31895,1
31896,1
31897,1
31898,1
31899,1
31900,1
31901,1
31902,1
31903,1
31904,1
31905,1
31906,1
31907,0
31908,0
31909,0
31910,0
31911,1
31912,1
31913,0
31914,1
31915,1
31916,0
31917,1
31918,1
31919,1
31920,1
31921,1
31922,1
31923,1
31924,1
31925,1
31926,1
31927,1
31928,1
31929,1
31930,1
31931,1
31932,1
31933,1
31934,1
31935,1
31936,1
31937,1
31938,1
31939,1
31940,1
31941,1
31942,1
31943,1
31944,1
31945,1
31946,1
31947,1
31948,1
31949,1
31950,1
31951,0
31952,0
31953,1
31954,1
31955,1
31956,1
31957,1
31958,1
31959,1
31960,0
31961,1
31962,1
31963,1
31964,1
31965,1
31966,1
31967,1
31968,1
31969,1
31970,1
31971,1
31972,0
31973,0
31974,1
31975,0
31976,0
31977,0
31978,0
31979,0
31980,0
31981,0
31982,0
31983,1
31984,1
31985,1
31986,1
31987,0
31988,0
31989,1
31990,1
31991,1
31992,1
31993,1
31994,1
31995,1
31996,1
31997,1
31998,1
31999,1
32000,1
32001,1
32002,1
32003,1
32004,1
32005,1
32006,0
32007,1
32008,1
32009,1
32010,1
32011,1
32012,0
32013,1
32014,1
32015,0
32016,1
32017,0
32018,1
32019,1
32020,0
32021,0
32022,0
32023,0
32024,0
32025,0
32026,0
32027,1
32028,1
32029,0
32030,1
32031,1
32032,0
32033,0
32034,0
32035,0
32036,0
32037,1
32038,1
32039,1
32040,1
32041,1
32042,1
32043,1
32044,1
32045,1
32046,1
32047,1
32048,1
32049,1
32050,1
32051,1
32052,1
32053,1
32054,1
32055,1
32056,1
32057,1
32058,0
32059,1
32060,1
32061,0
32062,0
32063,0
32064,0
32065,0
32066,0
32067,0
32068,0
32069,0
32070,0
32071,0
32072,0
32073,0
32074,0
32075,0
32076,0
32077,0
32078,0
32079,0
32080,0
32081,0
32082,0
32083,0
32084,0
32085,0
32086,0
32087,0
32088,0
32089,1
32090,0
32091,1
32092,1
32093,1
32094,1
32095,1
32096,1
32097,1
32098,1
32099,1
32100,1
32101,1
32102,1
32103,1
32104,1
32105,1
32106,1
32107,1
32108,1
32109,1
32110,1
32111,1
32112,1
32113,0
32114,1
32115,1
32116,1
32117,1
32118,1
32119,1
32120,1
32121,1
32122,1
32123,1
32124,1
32125,0
32126,1
32127,1
32128,1
32129,1
32130,1
32131,1
32132,0
32133,0
32134,1
32135,1
32136,1
32137,1
32138,1
32139,0
32140,1
32141,1
32142,0
32143,1
32144,1
32145,1
32146,1
32147,1
32148,1
32149,1
32150,0
32151,1
32152,0
32153,0
32154,1
32155,1
32156,1
32157,0
32158,1
32159,1
32160,0
32161,0
32162,1
32163,1
32164,1
32165,1
32166,1
32167,1
32168,1
32169,0
32170,0
32171,1
32172,0
32173,1
32174,1
32175,0
32176,1
32177,1
32178,0
32179,1
32180,1
32181,1
32182,1
32183,1
32184,0
32185,1
32186,1
32187,0
32188,0
32189,1
32190,1
32191,1
32192,1
32193,1
32194,1
32195,1
32196,0
32197,0
32198,0
32199,1
32200,0
32201,1
32202,0
32203,1
32204,0
32205,0
32206,0
32207,0
32208,0
32209,0
32210,0
32211,1
32212,1
32213,0
32214,1
32215,1
32216,1
32217,1
32218,1
32219,1
32220,1
32221,1
32222,1
32223,1
32224,1
32225,1
32226,1
32227,1
32228,1
32229,1
32230,1
32231,0
32232,0
32233,1
32234,1
32235,1
32236,1
32237,1
32238,0
32239,1
32240,0
32241,1
32242,1
32243,1
32244,1
32245,0
32246,0
32247,0
32248,0
32249,0
32250,0
32251,0
32252,0
32253,0
32254,0
32255,1
32256,1
32257,0
32258,1
32259,0
32260,1
32261,1
32262,1
32263,1
32264,1
32265,1
32266,1
32267,1
32268,1
32269,1
32270,1
32271,1
32272,1
32273,1
32274,1
32275,1
32276,1
32277,0
32278,1
32279,1
32280,1
32281,1
32282,1
32283,1
32284,0
32285,0
32286,0
32287,0
32288,0
32289,0
32290,0
32291,0
32292,0
32293,0
32294,0
32295,0
32296,0
32297,0
32298,0
32299,0
32300,0
32301,1
32302,1
32303,0
32304,0
32305,0
32306,1
32307,0
32308,0
32309,0
32310,0
32311,0
32312,1
32313,0
32314,1
32315,1
32316,1
32317,1
32318,1
32319,1
32320,1
32321,1
32322,1
32323,1
32324,1
32325,1
32326,1
32327,1
32328,1
32329,1
32330,1
32331,1
32332,1
32333,1
32334,1
32335,1
32336,1
32337,1
32338,1
32339,1
32340,1
32341,1
32342,1
32343,1
32344,1
32345,1
32346,1
32347,1
32348,1
32349,0
32350,1
32351,1
32352,1
32353,1
32354,1
32355,1
32356,1
32357,1
32358,1
32359,1
32360,1
32361,1
32362,1
32363,1
32364,0
32365,0
32366,1
32367,1
32368,1
32369,0
32370,1
32371,1
32372,1
32373,1
32374,1
32375,1
32376,1
32377,1
32378,0
32379,1
32380,1
32381,1
32382,1
32383,1
32384,1
32385,1
32386,1
32387,1
32388,0
32389,1
32390,1
32391,1
32392,1
32393,1
32394,0
32395,1
32396,1
32397,1
32398,1
32399,1
32400,1
32401,0
32402,0
32403,0
32404,1
32405,1
32406,1
32407,1
32408,1
32409,0
32410,1
32411,0
32412,0
32413,1
32414,0
32415,1
32416,1
32417,0
32418,0
32419,1
32420,0
32421,0
32422,1
32423,1
32424,0
32425,0
32426,0
32427,0
32428,0
32429,1
32430,0
32431,0
32432,1
32433,0
32434,0
32435,0
32436,1
32437,0
32438,1
32439,1
32440,1
32441,1
32442,1
32443,1
32444,1
32445,1
32446,1
32447,1
32448,1
32449,1
32450,1
32451,1
32452,1
32453,1
32454,0
32455,0
32456,0
32457,0
32458,1
32459,1
32460,1
32461,1
32462,0
32463,0
32464,1
32465,0
32466,0
32467,1
32468,1
32469,1
32470,0
32471,1
32472,0
32473,0
32474,0
32475,0
32476,0
32477,0
32478,1
32479,1
32480,1
32481,1
32482,0
32483,1
32484,1
32485,1
32486,0
32487,1
32488,1
32489,1
32490,1
32491,1
32492,1
32493,1
32494,1
32495,1
32496,1
32497,0
32498,1
32499,1
32500,1
32501,1
32502,1
32503,1
32504,1
32505,1
32506,1
32507,1
32508,1
32509,0
32510,0
32511,0
32512,0
32513,0
32514,0
32515,0
32516,0
32517,0
32518,0
32519,0
32520,0
32521,0
32522,0
32523,0
32524,0
32525,1
32526,1
32527,1
32528,0
32529,0
32530,0
32531,0
32532,0
32533,0
32534,0
32535,1
32536,1
32537,1
32538,1
32539,0
32540,1
32541,1
32542,0
32543,1
32544,1
32545,1
32546,1
32547,1
32548,1
32549,1
32550,1
32551,1
32552,1
32553,1
32554,1
32555,1
32556,1
32557,1
32558,1
32559,1
32560,1
32561,1
32562,1
32563,0
32564,0
32565,1
32566,1
32567,1
32568,1
32569,1
32570,1
32571,1
32572,1
32573,1
32574,1
32575,1
32576,1
32577,1
32578,1
32579,1
32580,1
32581,1
32582,1
32583,1
32584,1
32585,1
32586,1
32587,1
32588,1
32589,1
32590,1
32591,1
32592,1
32593,0
32594,0
32595,0
32596,1
32597,1
32598,1
32599,1
32600,1
32601,1
32602,0
32603,0
32604,1
32605,1
32606,1
32607,0
32608,1
32609,1
32610,0
32611,1
32612,1
32613,1
32614,0
32615,1
32616,1
32617,1
32618,1
32619,1
32620,1
32621,1
32622,1
32623,1
32624,1
32625,1
32626,0
32627,0
32628,1
32629,0
32630,1
32631,0
32632,0
32633,0
32634,0
32635,0
32636,1
32637,1
32638,0
32639,1
32640,0
32641,0
32642,1
32643,1
32644,0
32645,0
32646,1
32647,1
32648,0
32649,0
32650,0
32651,0
32652,0
32653,0
32654,0
32655,0
32656,0
32657,0
32658,0
32659,0
32660,0
32661,0
32662,1
32663,1
32664,1
32665,1
32666,1
32667,1
32668,1
32669,1
32670,1
32671,1
32672,1
32673,1
32674,1
32675,1
32676,1
32677,1
32678,0
32679,0
32680,0
32681,0
32682,0
32683,0
32684,1
32685,1
32686,0
32687,0
32688,0
32689,0
32690,0
32691,0
32692,0
32693,1
32694,0
32695,0
32696,0
32697,1
32698,1
32699,0
32700,1
32701,1
32702,1
32703,1
32704,1
32705,1
32706,0
32707,0
32708,1
32709,1
32710,0
32711,0
32712,1
32713,1
32714,1
32715,1
32716,0
32717,1
32718,1
32719,1
32720,1
32721,1
32722,1
32723,1
32724,1
32725,1
32726,1
32727,1
32728,1
32729,1
32730,1
32731,1
32732,1
32733,1
32734,1
32735,0
32736,0
32737,0
32738,1
32739,0
32740,0
32741,0
32742,0
32743,0
32744,0
32745,0
32746,0
32747,0
32748,1
32749,0
32750,0
32751,0
32752,1
32753,1
32754,1
32755,1
32756,0
32757,0
32758,0
32759,0
32760,0
32761,0
32762,0
32763,0
32764,0
32765,1
32766,1
32767,1
32768,1
32769,1
32770,1
32771,1
32772,1
32773,1
32774,1
32775,1
32776,1
32777,1
32778,0
32779,1
32780,1
32781,1
32782,1
32783,1
32784,1
32785,1
32786,1
32787,1
32788,0
32789,1
32790,1
32791,1
32792,1
32793,1
32794,1
32795,1
32796,1
32797,1
32798,1
32799,1
32800,0
32801,1
32802,1
32803,1
32804,1
32805,1
32806,1
32807,1
32808,1
32809,1
32810,1
32811,0
32812,1
32813,1
32814,1
32815,1
32816,1
32817,1
32818,1
32819,1
32820,1
32821,1
32822,1
32823,1
32824,1
32825,0
32826,1
32827,1
32828,1
32829,1
32830,1
32831,1
32832,1
32833,1
32834,1
32835,1
32836,1
32837,0
32838,0
32839,1
32840,0
32841,1
32842,1
32843,1
32844,0
32845,1
32846,1
32847,1
32848,1
32849,1
32850,1
32851,0
32852,1
32853,1
32854,1
32855,1
32856,0
32857,0
32858,0
32859,0
32860,1
32861,0
32862,1
32863,1
32864,1
32865,0
32866,1
32867,1
32868,0
32869,0
32870,0
32871,1
32872,0
32873,0
32874,0
32875,1
32876,0
32877,1
32878,1
32879,1
32880,1
32881,0
32882,1
32883,0
32884,0
32885,0
32886,0
32887,1
32888,0
32889,1
32890,1
32891,1
32892,1
32893,1
32894,1
32895,1
32896,1
32897,1
32898,1
32899,1
32900,1
32901,1
32902,0
32903,1
32904,0
32905,0
32906,0
32907,0
32908,1
32909,1
32910,0
32911,0
32912,0
32913,0
32914,0
32915,0
32916,1
32917,0
32918,1
32919,1
32920,0
32921,0
32922,1
32923,1
32924,1
32925,1
32926,0
32927,1
32928,1
32929,1
32930,1
32931,0
32932,0
32933,0
32934,0
32935,0
32936,1
32937,1
32938,1
32939,1
32940,1
32941,1
32942,1
32943,1
32944,1
32945,1
32946,1
32947,0
32948,0
32949,0
32950,1
32951,1
32952,1
32953,1
32954,1
32955,0
32956,0
32957,0
32958,0
32959,0
32960,1
32961,1
32962,1
32963,1
32964,1
32965,0
32966,0
32967,0
32968,0
32969,0
32970,0
32971,0
32972,0
32973,1
32974,0
32975,0
32976,0
32977,0
32978,0
32979,1
32980,1
32981,1
32982,0
32983,0
32984,0
32985,0
32986,0
32987,0
32988,0
32989,1
32990,1
32991,1
32992,1
32993,1
32994,1
32995,1
32996,1
32997,1
32998,1
32999,1
33000,1
33001,1
33002,1
33003,0
33004,1
33005,1
33006,1
33007,1
33008,1
33009,1
33010,1
33011,1
33012,1
33013,1
33014,1
33015,1
33016,1
33017,1
33018,1
33019,1
33020,1
33021,1
33022,1
33023,1
33024,1
33025,1
33026,1
33027,1
33028,1
33029,1
33030,1
33031,1
33032,1
33033,1
33034,1
33035,1
33036,1
33037,1
33038,0
33039,1
33040,1
33041,1
33042,0
33043,1
33044,1
33045,1
33046,1
33047,1
33048,1
33049,1
33050,1
33051,1
33052,1
33053,1
33054,1
33055,1
33056,1
33057,1
33058,1
33059,1
33060,1
33061,1
33062,1
33063,1
33064,0
33065,1
33066,1
33067,1
33068,1
33069,0
33070,1
33071,1
33072,1
33073,0
33074,1
33075,0
33076,0
33077,1
33078,0
33079,0
33080,0
33081,0
33082,0
33083,1
33084,0
33085,0
33086,1
33087,0
33088,0
33089,0
33090,1
33091,0
33092,1
33093,0
33094,0
33095,0
33096,0
33097,0
33098,0
33099,1
33100,1
33101,0
33102,0
33103,0
33104,0
33105,1
33106,1
33107,1
33108,1
33109,1
33110,1
33111,1
33112,0
33113,1
33114,1
33115,1
33116,1
33117,1
33118,1
33119,1
33120,1
33121,1
33122,1
33123,1
33124,1
33125,1
33126,1
33127,1
33128,1
33129,0
33130,0
33131,0
33132,0
33133,1
33134,1
33135,0
33136,0
33137,0
33138,0
33139,0
33140,1
33141,1
33142,0
33143,1
33144,1
33145,0
33146,0
33147,1
33148,1
33149,0
33150,1
33151,1
33152,1
33153,0
33154,1
33155,0
33156,0
33157,1
33158,1
33159,0
33160,0
33161,0
33162,0
33163,1
33164,0
33165,1
33166,1
33167,1
33168,1
33169,1
33170,1
33171,0
33172,0
33173,0
33174,1
33175,0
33176,1
33177,1
33178,1
33179,1
33180,0
33181,0
33182,1
33183,0
33184,0
33185,0
33186,1
33187,1
33188,1
33189,1
33190,1
33191,1
33192,0
33193,0
33194,0
33195,0
33196,0
33197,1
33198,0
33199,0
33200,0
33201,0
33202,0
33203,0
33204,0
33205,1
33206,1
33207,1
33208,0
33209,0
33210,0
33211,0
33212,0
33213,0
33214,1
33215,0
33216,1
33217,1
33218,0
33219,1
33220,1
33221,1
33222,1
33223,1
33224,1
33225,1
33226,1
33227,1
33228,1
33229,1
33230,1
33231,1
33232,1
33233,1
33234,1
33235,1
33236,1
33237,0
33238,1
33239,1
33240,1
33241,1
33242,1
33243,1
33244,1
33245,1
33246,1
33247,1
33248,1
33249,1
33250,1
33251,1
33252,1
33253,1
33254,1
33255,0
33256,1
33257,1
33258,1
33259,1
33260,1
33261,0
33262,1
33263,0
33264,0
33265,0
33266,1
33267,0
33268,1
33269,1
33270,1
33271,1
33272,1
33273,1
33274,1
33275,1
33276,1
33277,1
33278,1
33279,0
33280,1
33281,1
33282,1
33283,1
33284,1
33285,1
33286,1
33287,1
33288,1
33289,1
33290,1
33291,1
33292,0
33293,0
33294,1
33295,1
33296,0
33297,0
33298,1
33299,0
33300,1
33301,1
33302,1
33303,1
33304,1
33305,1
33306,1
33307,1
33308,1
33309,1
33310,0
33311,1
33312,1
33313,0
33314,0
33315,0
33316,0
33317,0
33318,0
33319,0
33320,1
33321,1
33322,0
33323,1
33324,1
33325,1
33326,0
33327,1
33328,1
33329,1
33330,1
33331,1
33332,1
33333,1
33334,1
33335,1
33336,0
33337,1
33338,0
33339,1
33340,1
33341,1
33342,1
33343,1
33344,1
33345,1
33346,1
33347,1
33348,1
33349,1
33350,1
33351,1
33352,1
33353,1
33354,0
33355,0
33356,0
33357,1
33358,1
33359,1
33360,1
33361,0
33362,0
33363,0
33364,0
33365,0
33366,0
33367,0
33368,0
33369,1
33370,0
33371,1
33372,1
33373,1
33374,1
33375,1
33376,0
33377,1
33378,0
33379,0
33380,1
33381,0
33382,0
33383,0
33384,0
33385,0
33386,1
33387,0
33388,0
33389,0
33390,0
33391,1
33392,1
33393,0
33394,0
33395,1
33396,0
33397,0
33398,0
33399,1
33400,1
33401,1
33402,1
33403,1
33404,1
33405,1
33406,1
33407,0
33408,1
33409,0
33410,0
33411,0
33412,1
33413,1
33414,1
33415,0
33416,0
33417,0
33418,0
33419,0
33420,0
33421,0
33422,0
33423,0
33424,0
33425,1
33426,0
33427,0
33428,0
33429,0
33430,1
33431,1
33432,0
33433,0
33434,1
33435,0
33436,0
33437,0
33438,0
33439,1
33440,1
33441,1
33442,0
33443,1
33444,1
33445,1
33446,1
33447,1
33448,1
33449,1
33450,1
33451,1
33452,1
33453,1
33454,1
33455,1
33456,1
33457,1
33458,1
33459,1
33460,1
33461,1
33462,1
33463,1
33464,1
33465,0
33466,1
33467,1
33468,1
33469,1
33470,1
33471,1
33472,1
33473,1
33474,1
33475,0
33476,1
33477,1
33478,1
33479,1
33480,1
33481,1
33482,1
33483,1
33484,1
33485,1
33486,1
33487,0
33488,1
33489,1
33490,0
33491,1
33492,1
33493,1
33494,1
33495,0
33496,1
33497,1
33498,1
33499,1
33500,1
33501,1
33502,1
33503,1
33504,1
33505,1
33506,0
33507,1
33508,1
33509,1
33510,1
33511,1
33512,1
33513,1
33514,1
33515,1
33516,1
33517,1
33518,1
33519,0
33520,0
33521,1
33522,1
33523,1
33524,1
33525,1
33526,0
33527,1
33528,1
33529,1
33530,1
33531,1
33532,1
33533,0
33534,0
33535,0
33536,1
33537,0
33538,0
33539,1
33540,0
33541,0
33542,0
33543,1
33544,0
33545,0
33546,1
33547,1
33548,1
33549,1
33550,1
33551,0
33552,1
33553,1
33554,1
33555,0
33556,0
33557,1
33558,1
33559,1
33560,1
33561,0
33562,0
33563,0
33564,1
33565,1
33566,1
33567,1
33568,1
33569,1
33570,1
33571,1
33572,1
33573,1
33574,1
33575,1
33576,1
33577,1
33578,1
33579,1
33580,1
33581,1
33582,1
33583,1
33584,1
33585,1
33586,1
33587,0
33588,0
33589,0
33590,0
33591,0
33592,0
33593,1
33594,0
33595,1
33596,1
33597,1
33598,1
33599,0
33600,0
33601,0
33602,1
33603,1
33604,0
33605,0
33606,0
33607,0
33608,1
33609,1
33610,1
33611,1
33612,1
33613,0
33614,0
33615,1
33616,1
33617,1
33618,0
33619,1
33620,1
33621,1
33622,1
33623,1
33624,0
33625,1
33626,0
33627,0
33628,1
33629,1
33630,0
33631,1
33632,0
33633,0
33634,0
33635,0
33636,1
33637,1
33638,0
33639,1
33640,1
33641,1
33642,0
33643,0
33644,1
33645,1
33646,0
33647,0
33648,0
33649,1
33650,1
33651,0
33652,0
33653,0
33654,0
33655,1
33656,0
33657,0
33658,0
33659,1
33660,0
33661,0
33662,0
33663,0
33664,0
33665,0
33666,0
33667,1
33668,1
33669,1
33670,1
33671,1
33672,1
33673,1
33674,1
33675,1
33676,1
33677,1
33678,1
33679,1
33680,1
33681,1
33682,1
33683,1
33684,1
33685,1
33686,1
33687,1
33688,1
33689,1
33690,0
33691,1
33692,1
33693,0
33694,1
33695,1
33696,1
33697,1
33698,1
33699,1
33700,0
33701,0
33702,1
33703,1
33704,1
33705,1
33706,0
33707,1
33708,1
33709,1
33710,1
33711,1
33712,1
33713,1
33714,1
33715,1
33716,1
33717,1
33718,0
33719,1
33720,1
33721,1
33722,1
33723,0
33724,1
33725,0
33726,1
33727,1
33728,0
33729,1
33730,1
33731,1
33732,1
33733,1
33734,1
33735,1
33736,1
33737,1
33738,1
33739,1
33740,1
33741,1
33742,1
33743,0
33744,0
33745,1
33746,1
33747,1
33748,0
33749,1
33750,1
33751,1
33752,1
33753,1
33754,1
33755,1
33756,1
33757,0
33758,0
33759,0
33760,0
33761,1
33762,0
33763,1
33764,1
33765,0
33766,1
33767,0
33768,0
33769,0
33770,0
33771,1
33772,1
33773,1
33774,1
33775,1
33776,0
33777,1
33778,1
33779,1
33780,0
33781,0
33782,0
33783,1
33784,1
33785,1
33786,1
33787,0
33788,0
33789,1
33790,1
33791,1
33792,1
33793,1
33794,1
33795,1
33796,1
33797,1
33798,1
33799,1
33800,1
33801,1
33802,1
33803,1
33804,1
33805,1
33806,1
33807,0
33808,1
33809,1
33810,1
33811,1
33812,1
33813,0
33814,1
33815,0
33816,0
33817,1
33818,0
33819,0
33820,1
33821,1
33822,1
33823,0
33824,0
33825,0
33826,0
33827,0
33828,0
33829,1
33830,0
33831,0
33832,1
33833,1
33834,1
33835,1
33836,1
33837,1
33838,1
33839,1
33840,1
33841,1
33842,1
33843,1
33844,1
33845,0
33846,1
33847,1
33848,1
33849,0
33850,1
33851,1
33852,1
33853,1
33854,1
33855,1
33856,1
33857,0
33858,0
33859,1
33860,1
33861,1
33862,1
33863,1
33864,1
33865,1
33866,1
33867,1
33868,0
33869,0
33870,0
33871,1
33872,1
33873,1
33874,1
33875,0
33876,0
33877,1
33878,0
33879,1
33880,1
33881,1
33882,0
33883,1
33884,1
33885,1
33886,0
33887,0
33888,0
33889,0
33890,0
33891,0
33892,0
33893,1
33894,1
33895,1
33896,1
33897,1
33898,1
33899,1
33900,1
33901,1
33902,1
33903,1
33904,1
33905,1
33906,1
33907,1
33908,1
33909,1
33910,1
33911,1
33912,1
33913,1
33914,1
33915,0
33916,1
33917,1
33918,1
33919,1
33920,1
33921,1
33922,1
33923,1
33924,1
33925,1
33926,1
33927,1
33928,1
33929,1
33930,1
33931,1
33932,0
33933,1
33934,1
33935,1
33936,0
33937,1
33938,0
33939,1
33940,1
33941,1
33942,1
33943,1
33944,1
33945,1
33946,1
33947,1
33948,1
33949,1
33950,1
33951,1
33952,1
33953,1
33954,1
33955,0
33956,1
33957,1
33958,1
33959,1
33960,1
33961,1
33962,1
33963,1
33964,1
33965,1
33966,0
33967,1
33968,1
33969,0
33970,1
33971,1
33972,1
33973,1
33974,1
33975,1
33976,1
33977,1
33978,1
33979,0
33980,1
33981,1
33982,0
33983,1
33984,0
33985,1
33986,1
33987,1
33988,0
33989,0
33990,1
33991,0
33992,0
33993,0
33994,0
33995,0
33996,1
33997,1
33998,1
33999,1
34000,1
34001,0
34002,0
34003,0
34004,0
34005,0
34006,1
34007,1
34008,0
34009,1
34010,1
34011,0
34012,0
34013,1
34014,1
34015,1
34016,1
34017,1
34018,1
34019,1
34020,1
34021,1
34022,1
34023,1
34024,1
34025,1
34026,1
34027,1
34028,1
34029,1
34030,1
34031,1
34032,1
34033,1
34034,1
34035,0
34036,0
34037,1
34038,1
34039,1
34040,0
34041,0
34042,0
34043,1
34044,1
34045,0
34046,1
34047,1
34048,0
34049,1
34050,0
34051,0
34052,0
34053,1
34054,1
34055,0
34056,0
34057,1
34058,0
34059,1
34060,1
34061,1
34062,1
34063,1
34064,0
34065,1
34066,1
34067,1
34068,1
34069,1
34070,0
34071,0
34072,0
34073,1
34074,0
34075,0
34076,1
34077,1
34078,1
34079,1
34080,1
34081,1
34082,0
34083,0
34084,0
34085,1
34086,0
34087,0
34088,1
34089,1
34090,1
34091,0
34092,1
34093,0
34094,1
34095,1
34096,0
34097,1
34098,1
34099,1
34100,0
34101,0
34102,0
34103,0
34104,0
34105,0
34106,1
34107,1
34108,1
34109,1
34110,1
34111,0
34112,1
34113,0
34114,0
34115,0
34116,0
34117,1
34118,1
34119,0
34120,1
34121,1
34122,1
34123,1
34124,1
34125,1
34126,1
34127,1
34128,1
34129,0
34130,1
34131,1
34132,0
34133,1
34134,1
34135,1
34136,1
34137,1
34138,1
34139,1
34140,0
34141,1
34142,1
34143,1
34144,1
34145,0
34146,1
34147,1
34148,1
34149,1
34150,1
34151,1
34152,1
34153,1
34154,1
34155,0
34156,1
34157,1
34158,1
34159,0
34160,1
34161,0
34162,0
34163,1
34164,1
34165,1
34166,1
34167,1
34168,1
34169,0
34170,1
34171,1
34172,1
34173,1
34174,1
34175,1
34176,1
34177,1
34178,1
34179,0
34180,1
34181,1
34182,0
34183,1
34184,1
34185,1
34186,1
34187,0
34188,1
34189,1
34190,1
34191,0
34192,1
34193,1
34194,1
34195,1
34196,0
34197,1
34198,1
34199,1
34200,1
34201,1
34202,1
34203,1
34204,1
34205,1
34206,1
34207,0
34208,0
34209,1
34210,1
34211,1
34212,1
34213,0
34214,0
34215,0
34216,0
34217,0
34218,0
34219,0
34220,0
34221,1
34222,0
34223,0
34224,1
34225,0
34226,0
34227,0
34228,0
34229,0
34230,0
34231,1
34232,1
34233,1
34234,1
34235,1
34236,0
34237,0
34238,1
34239,1
34240,1
34241,1
34242,1
34243,1
34244,1
34245,1
34246,1
34247,1
34248,1
34249,1
34250,1
34251,1
34252,1
34253,1
34254,1
34255,1
34256,1
34257,1
34258,1
34259,1
34260,0
34261,0
34262,1
34263,1
34264,0
34265,0
34266,0
34267,0
34268,1
34269,0
34270,0
34271,1
34272,1
34273,1
34274,1
34275,0
34276,1
34277,1
34278,1
34279,1
34280,1
34281,1
34282,1
34283,1
34284,1
34285,1
34286,1
34287,0
34288,1
34289,1
34290,1
34291,0
34292,1
34293,1
34294,0
34295,0
34296,0
34297,0
34298,0
34299,0
34300,0
34301,0
34302,1
34303,1
34304,1
34305,1
34306,1
34307,0
34308,0
34309,0
34310,1
34311,1
34312,1
34313,1
34314,1
34315,1
34316,0
34317,0
34318,0
34319,1
34320,1
34321,0
34322,0
34323,1
34324,0
34325,1
34326,0
34327,0
34328,0
34329,0
34330,0
34331,0
34332,0
34333,0
34334,1
34335,1
34336,1
34337,1
34338,1
34339,0
34340,1
34341,1
34342,1
34343,0
34344,1
34345,1
34346,1
34347,1
34348,1
34349,1
34350,1
34351,0
34352,1
34353,1
34354,1
34355,1
34356,0
34357,1
34358,1
34359,1
34360,1
34361,1
34362,1
34363,1
34364,1
34365,0
34366,1
34367,1
34368,0
34369,1
34370,1
34371,1
34372,1
34373,1
34374,1
34375,1
34376,1
34377,1
34378,1
34379,0
34380,1
34381,1
34382,1
34383,1
34384,1
34385,1
34386,1
34387,0
34388,1
34389,1
34390,1
34391,1
34392,1
34393,1
34394,1
34395,1
34396,1
34397,0
34398,1
34399,1
34400,1
34401,1
34402,1
34403,1
34404,0
34405,1
34406,1
34407,0
34408,1
34409,1
34410,1
34411,1
34412,1
34413,0
34414,1
34415,1
34416,1
34417,0
34418,1
34419,1
34420,1
34421,0
34422,1
34423,1
34424,0
34425,1
34426,1
34427,1
34428,1
34429,1
34430,1
34431,0
34432,0
34433,1
34434,1
34435,1
34436,0
34437,1
34438,1
34439,0
34440,0
34441,0
34442,0
34443,0
34444,0
34445,0
34446,1
34447,0
34448,1
34449,1
34450,1
34451,1
34452,1
34453,1
34454,1
34455,0
34456,1
34457,0
34458,1
34459,0
34460,0
34461,0
34462,0
34463,1
34464,1
34465,1
34466,1
34467,1
34468,1
34469,1
34470,1
34471,1
34472,1
34473,1
34474,1
34475,1
34476,1
34477,1
34478,1
34479,1
34480,1
34481,1
34482,1
34483,1
34484,1
34485,1
34486,0
34487,1
34488,1
34489,1
34490,1
34491,1
34492,1
34493,1
34494,1
34495,1
34496,1
34497,1
34498,1
34499,1
34500,1
34501,1
34502,1
34503,1
34504,1
34505,0
34506,0
34507,1
34508,1
34509,1
34510,1
34511,1
34512,1
34513,1
34514,1
34515,1
34516,1
34517,0
34518,0
34519,0
34520,0
34521,0
34522,0
34523,0
34524,1
34525,0
34526,0
34527,1
34528,1
34529,1
34530,1
34531,0
34532,0
34533,0
34534,0
34535,1
34536,1
34537,1
34538,1
34539,0
34540,1
34541,0
34542,1
34543,1
34544,1
34545,0
34546,0
34547,1
34548,1
34549,1
34550,0
34551,0
34552,0
34553,0
34554,0
34555,0
34556,0
34557,0
34558,0
34559,1
34560,1
34561,1
34562,1
34563,1
34564,1
34565,0
34566,0
34567,0
34568,1
34569,1
34570,1
34571,1
34572,1
34573,1
34574,1
34575,1
34576,0
34577,1
34578,1
34579,1
34580,1
34581,1
34582,1
34583,1
34584,1
34585,1
34586,1
34587,1
34588,1
34589,1
34590,1
34591,1
34592,1
34593,1
34594,1
34595,1
34596,1
34597,1
34598,0
34599,1
34600,1
34601,0
34602,1
34603,1
34604,1
34605,1
34606,1
34607,1
34608,1
34609,1
34610,1
34611,1
34612,1
34613,0
34614,0
34615,1
34616,1
34617,1
34618,1
34619,1
34620,1
34621,1
34622,1
34623,0
34624,1
34625,0
34626,1
34627,0
34628,0
34629,1
34630,1
34631,1
34632,1
34633,1
34634,1
34635,0
34636,1
34637,1
34638,1
34639,1
34640,1
34641,1
34642,1
34643,1
34644,1
34645,1
34646,1
34647,0
34648,1
34649,0
34650,1
34651,1
34652,1
34653,1
34654,1
34655,1
34656,0
34657,1
34658,1
34659,1
34660,0
34661,0
34662,0
34663,1
34664,1
34665,1
34666,1
34667,1
34668,0
34669,0
34670,1
34671,1
34672,0
34673,0
34674,0
34675,0
34676,1
34677,1
34678,1
34679,1
34680,0
34681,1
34682,0
34683,1
34684,0
34685,0
34686,0
34687,1
34688,1
34689,1
34690,1
34691,1
34692,1
34693,1
34694,1
34695,1
34696,1
34697,1
34698,1
34699,1
34700,1
34701,1
34702,1
34703,1
34704,1
34705,1
34706,1
34707,1
34708,1
34709,1
34710,1
34711,1
34712,1
34713,1
34714,1
34715,1
34716,1
34717,0
34718,1
34719,0
34720,1
34721,1
34722,1
34723,1
34724,1
34725,1
34726,1
34727,1
34728,1
34729,1
34730,0
34731,0
34732,1
34733,1
34734,1
34735,1
34736,1
34737,1
34738,1
34739,1
34740,0
34741,0
34742,0
34743,0
34744,0
34745,0
34746,0
34747,0
34748,0
34749,0
34750,0
34751,0
34752,0
34753,0
34754,0
34755,0
34756,0
34757,0
34758,0
34759,0
34760,1
34761,1
34762,0
34763,1
34764,0
34765,1
34766,0
34767,0
34768,0
34769,1
34770,1
34771,0
34772,1
34773,0
34774,1
34775,0
34776,0
34777,0
34778,0
34779,0
34780,0
34781,0
34782,0
34783,1
34784,1
34785,0
34786,0
34787,0
34788,0
34789,1
34790,0
34791,0
34792,0
34793,1
34794,1
34795,1
34796,1
34797,1
34798,1
34799,1
34800,1
34801,1
34802,1
34803,1
34804,1
34805,1
34806,1
34807,1
34808,1
34809,0
34810,1
34811,1
34812,1
34813,1
34814,1
34815,1
34816,1
34817,0
34818,1
34819,1
34820,0
34821,1
34822,1
34823,0
34824,0
34825,1
34826,1
34827,1
34828,1
34829,1
34830,1
34831,1
34832,0
34833,1
34834,1
34835,0
34836,1
34837,0
34838,1
34839,1
34840,1
34841,1
34842,1
34843,1
34844,1
34845,0
34846,1
34847,0
34848,0
34849,0
34850,1
34851,1
34852,1
34853,1
34854,1
34855,1
34856,1
34857,1
34858,1
34859,1
34860,1
34861,1
34862,1
34863,0
34864,1
34865,1
34866,1
34867,1
34868,1
34869,1
34870,1
34871,1
34872,1
34873,1
34874,1
34875,1
34876,0
34877,0
34878,1
34879,1
34880,1
34881,0
34882,0
34883,1
34884,0
34885,0
34886,1
34887,0
34888,1
34889,1
34890,1
34891,1
34892,1
34893,1
34894,1
34895,0
34896,1
34897,1
34898,0
34899,1
34900,1
34901,1
34902,1
34903,1
34904,1
34905,1
34906,1
34907,0
34908,1
34909,1
34910,0
34911,0
34912,1
34913,0
34914,1
34915,1
34916,1
34917,1
34918,1
34919,1
34920,1
34921,1
34922,1
34923,1
34924,1
34925,1
34926,1
34927,1
34928,1
34929,1
34930,1
34931,1
34932,1
34933,1
34934,1
34935,1
34936,1
34937,1
34938,1
34939,1
34940,0
34941,1
34942,1
34943,1
34944,1
34945,1
34946,1
34947,1
34948,1
34949,1
34950,0
34951,1
34952,1
34953,1
34954,1
34955,0
34956,1
34957,1
34958,1
34959,1
34960,1
34961,1
34962,1
34963,1
34964,1
34965,1
34966,1
34967,0
34968,0
34969,1
34970,0
34971,0
34972,0
34973,0
34974,0
34975,0
34976,0
34977,0
34978,0
34979,0
34980,0
34981,0
34982,0
34983,0
34984,0
34985,0
34986,1
34987,0
34988,0
34989,1
34990,1
34991,0
34992,1
34993,1
34994,1
34995,1
34996,1
34997,0
34998,1
34999,1
35000,0
35001,0
35002,0
35003,0
35004,0
35005,0
35006,0
35007,0
35008,1
35009,0
35010,0
35011,0
35012,0
35013,0
35014,0
35015,1
35016,0
35017,0
35018,1
35019,0
35020,0
35021,1
35022,1
35023,1
35024,1
35025,1
35026,1
35027,1
35028,1
35029,1
35030,1
35031,1
35032,1
35033,1
35034,1
35035,1
35036,1
35037,1
35038,1
35039,1
35040,1
35041,1
35042,1
35043,1
35044,1
35045,1
35046,1
35047,1
35048,1
35049,0
35050,0
35051,0
35052,1
35053,0
35054,1
35055,1
35056,1
35057,0
35058,1
35059,1
35060,1
35061,1
35062,1
35063,0
35064,1
35065,1
35066,1
35067,1
35068,1
35069,0
35070,1
35071,1
35072,0
35073,1
35074,1
35075,1
35076,1
35077,1
35078,0
35079,1
35080,1
35081,0
35082,1
35083,1
35084,0
35085,0
35086,1
35087,1
35088,1
35089,1
35090,1
35091,0
35092,1
35093,1
35094,1
35095,1
35096,1
35097,1
35098,1
35099,1
35100,1
35101,1
35102,0
35103,0
35104,1
35105,1
35106,0
35107,1
35108,1
35109,0
35110,0
35111,0
35112,1
35113,1
35114,0
35115,1
35116,1
35117,1
35118,1
35119,1
35120,1
35121,1
35122,1
35123,1
35124,0
35125,0
35126,1
35127,0
35128,1
35129,1
35130,1
35131,1
35132,1
35133,1
35134,1
35135,0
35136,0
35137,1
35138,0
35139,1
35140,1
35141,1
35142,1
35143,1
35144,1
35145,1
35146,1
35147,1
35148,1
35149,1
35150,1
35151,1
35152,1
35153,1
35154,1
35155,1
35156,1
35157,1
35158,1
35159,1
35160,1
35161,1
35162,1
35163,1
35164,0
35165,0
35166,0
35167,1
35168,1
35169,1
35170,1
35171,1
35172,1
35173,1
35174,1
35175,1
35176,1
35177,0
35178,1
35179,1
35180,1
35181,1
35182,1
35183,1
35184,1
35185,1
35186,1
35187,1
35188,1
35189,1
35190,1
35191,0
35192,1
35193,1
35194,1
35195,0
35196,0
35197,0
35198,0
35199,0
35200,0
35201,1
35202,0
35203,0
35204,0
35205,0
35206,1
35207,1
35208,0
35209,0
35210,0
35211,1
35212,1
35213,0
35214,0
35215,1
35216,1
35217,0
35218,0
35219,0
35220,1
35221,0
35222,1
35223,0
35224,1
35225,0
35226,0
35227,0
35228,0
35229,0
35230,0
35231,0
35232,0
35233,0
35234,0
35235,0
35236,0
35237,0
35238,0
35239,0
35240,0
35241,0
35242,0
35243,1
35244,0
35245,0
35246,1
35247,1
35248,1
35249,1
35250,1
35251,1
35252,1
35253,1
35254,1
35255,1
35256,1
35257,1
35258,1
35259,1
35260,1
35261,1
35262,1
35263,1
35264,1
35265,1
35266,1
35267,1
35268,0
35269,0
35270,1
35271,0
35272,1
35273,0
35274,1
35275,0
35276,1
35277,0
35278,1
35279,0
35280,1
35281,1
35282,1
35283,0
35284,1
35285,1
35286,1
35287,0
35288,1
35289,1
35290,1
35291,1
35292,0
35293,1
35294,1
35295,1
35296,1
35297,1
35298,1
35299,1
35300,1
35301,1
35302,1
35303,1
35304,1
35305,1
35306,1
35307,1
35308,1
35309,1
35310,1
35311,1
35312,1
35313,1
35314,1
35315,0
35316,1
35317,1
35318,1
35319,1
35320,1
35321,1
35322,0
35323,1
35324,1
35325,1
35326,1
35327,1
35328,0
35329,0
35330,0
35331,0
35332,0
35333,0
35334,0
35335,0
35336,0
35337,0
35338,0
35339,1
35340,1
35341,1
35342,1
35343,1
35344,1
35345,1
35346,1
35347,1
35348,1
35349,0
35350,0
35351,1
35352,0
35353,0
35354,0
35355,1
35356,1
35357,1
35358,1
35359,1
35360,1
35361,1
35362,1
35363,1
35364,1
35365,1
35366,1
35367,1
35368,1
35369,1
35370,1
35371,1
35372,1
35373,1
35374,1
35375,1
35376,1
35377,1
35378,1
35379,1
35380,1
35381,1
35382,1
35383,1
35384,1
35385,0
35386,0
35387,0
35388,1
35389,0
35390,0
35391,1
35392,1
35393,1
35394,1
35395,1
35396,1
35397,1
35398,1
35399,1
35400,1
35401,1
35402,0
35403,1
35404,1
35405,1
35406,1
35407,1
35408,1
35409,1
35410,1
35411,1
35412,1
35413,1
35414,1
35415,1
35416,1
35417,1
35418,1
35419,1
35420,0
35421,0
35422,0
35423,0
35424,0
35425,0
35426,1
35427,1
35428,0
35429,1
35430,1
35431,1
35432,0
35433,0
35434,0
35435,1
35436,1
35437,1
35438,1
35439,1
35440,1
35441,1
35442,0
35443,1
35444,0
35445,0
35446,1
35447,1
35448,1
35449,1
35450,1
35451,1
35452,0
35453,0
35454,0
35455,0
35456,0
35457,0
35458,0
35459,0
35460,0
35461,0
35462,0
35463,0
35464,0
35465,0
35466,0
35467,0
35468,1
35469,0
35470,1
35471,1
35472,1
35473,1
35474,1
35475,1
35476,1
35477,1
35478,1
35479,0
35480,1
35481,1
35482,1
35483,1
35484,1
35485,1
35486,1
35487,1
35488,1
35489,0
35490,0
35491,1
35492,1
35493,1
35494,1
35495,1
35496,1
35497,1
35498,1
35499,0
35500,1
35501,0
35502,1
35503,0
35504,1
35505,0
35506,1
35507,1
35508,1
35509,1
35510,1
35511,1
35512,1
35513,0
35514,0
35515,0
35516,1
35517,1
35518,1
35519,0
35520,1
35521,0
35522,1
35523,1
35524,1
35525,0
35526,1
35527,1
35528,1
35529,1
35530,1
35531,1
35532,1
35533,1
35534,1
35535,0
35536,1
35537,1
35538,1
35539,1
35540,1
35541,1
35542,1
35543,1
35544,1
35545,1
35546,1
35547,1
35548,1
35549,0
35550,1
35551,0
35552,0
35553,0
35554,0
35555,1
35556,1
35557,1
35558,0
35559,0
35560,0
35561,0
35562,0
35563,0
35564,0
35565,1
35566,1
35567,0
35568,1
35569,0
35570,1
35571,1
35572,0
35573,1
35574,0
35575,0
35576,0
35577,0
35578,0
35579,1
35580,1
35581,0
35582,0
35583,0
35584,0
35585,1
35586,1
35587,1
35588,1
35589,1
35590,1
35591,1
35592,1
35593,1
35594,1
35595,1
35596,1
35597,1
35598,1
35599,1
35600,1
35601,1
35602,1
35603,1
35604,1
35605,1
35606,0
35607,1
35608,1
35609,1
35610,1
35611,0
35612,0
35613,0
35614,0
35615,0
35616,1
35617,1
35618,1
35619,1
35620,1
35621,1
35622,1
35623,0
35624,0
35625,0
35626,0
35627,0
35628,1
35629,1
35630,1
35631,1
35632,1
35633,1
35634,1
35635,1
35636,1
35637,1
35638,1
35639,1
35640,1
35641,1
35642,1
35643,1
35644,1
35645,1
35646,0
35647,0
35648,0
35649,0
35650,0
35651,1
35652,1
35653,1
35654,1
35655,1
35656,0
35657,1
35658,0
35659,1
35660,1
35661,1
35662,1
35663,1
35664,0
35665,1
35666,1
35667,1
35668,0
35669,1
35670,0
35671,0
35672,1
35673,0
35674,1
35675,1
35676,0
35677,1
35678,0
35679,0
35680,0
35681,0
35682,0
35683,0
35684,1
35685,1
35686,0
35687,0
35688,0
35689,0
35690,0
35691,0
35692,0
35693,1
35694,0
35695,1
35696,0
35697,1
35698,1
35699,1
35700,1
35701,1
35702,1
35703,1
35704,1
35705,1
35706,1
35707,1
35708,1
35709,1
35710,1
35711,1
35712,1
35713,1
35714,1
35715,1
35716,1
35717,1
35718,1
35719,0
35720,1
35721,0
35722,1
35723,1
35724,1
35725,1
35726,0
35727,0
35728,0
35729,1
35730,0
35731,1
35732,1
35733,1
35734,1
35735,1
35736,1
35737,1
35738,0
35739,0
35740,1
35741,0
35742,1
35743,1
35744,1
35745,1
35746,1
35747,1
35748,1
35749,1
35750,1
35751,1
35752,1
35753,1
35754,0
35755,1
35756,1
35757,0
35758,1
35759,1
35760,1
35761,1
35762,0
35763,1
35764,1
35765,1
35766,1
35767,1
35768,1
35769,1
35770,1
35771,0
35772,1
35773,1
35774,1
35775,1
35776,1
35777,0
35778,1
35779,0
35780,1
35781,1
35782,1
35783,0
35784,0
35785,0
35786,0
35787,1
35788,0
35789,0
35790,0
35791,1
35792,0
35793,0
35794,0
35795,1
35796,0
35797,1
35798,1
35799,0
35800,0
35801,0
35802,0
35803,0
35804,0
35805,0
35806,0
35807,0
35808,0
35809,0
35810,1
35811,1
35812,1
35813,1
35814,1
35815,1
35816,1
35817,1
35818,1
35819,1
35820,1
35821,1
35822,1
35823,1
35824,1
35825,1
35826,1
35827,1
35828,1
35829,0
35830,1
35831,1
35832,1
35833,1
35834,1
35835,1
35836,1
35837,0
35838,0
35839,0
35840,0
35841,1
35842,0
35843,1
35844,0
35845,0
35846,0
35847,0
35848,0
35849,0
35850,0
35851,0
35852,0
35853,1
35854,1
35855,1
35856,1
35857,1
35858,1
35859,1
35860,1
35861,1
35862,1
35863,1
35864,1
35865,1
35866,1
35867,1
35868,1
35869,0
35870,1
35871,0
35872,0
35873,0
35874,0
35875,0
35876,1
35877,0
35878,1
35879,1
35880,1
35881,1
35882,0
35883,1
35884,1
35885,0
35886,0
35887,1
35888,1
35889,0
35890,0
35891,1
35892,0
35893,1
35894,0
35895,0
35896,1
35897,1
35898,1
35899,0
35900,1
35901,1
35902,1
35903,0
35904,0
35905,0
35906,1
35907,0
35908,0
35909,0
35910,1
35911,1
35912,0
35913,0
35914,0
35915,0
35916,0
35917,0
35918,0
35919,1
35920,1
35921,1
35922,1
35923,1
35924,1
35925,1
35926,1
35927,1
35928,1
35929,1
35930,1
35931,1
35932,1
35933,1
35934,1
35935,1
35936,1
35937,1
35938,1
35939,1
35940,1
35941,1
35942,1
35943,1
35944,1
35945,1
35946,1
35947,1
35948,0
35949,0
35950,0
35951,0
35952,0
35953,1
35954,1
35955,1
35956,1
35957,1
35958,0
35959,0
35960,1
35961,0
35962,1
35963,1
35964,1
35965,1
35966,1
35967,0
35968,1
35969,1
35970,1
35971,1
35972,1
35973,1
35974,1
35975,0
35976,0
35977,1
35978,1
35979,1
35980,1
35981,1
35982,1
35983,1
35984,1
35985,0
35986,1
35987,0
35988,1
35989,0
35990,0
35991,1
35992,0
35993,0
35994,1
35995,1
35996,1
35997,1
35998,1
35999,1
36000,0
36001,0
36002,1
36003,1
36004,0
36005,1
36006,0
36007,1
36008,1
36009,0
36010,0
36011,0
36012,0
36013,1
36014,1
36015,0
36016,0
36017,0
36018,1
36019,1
36020,0
36021,0
36022,1
36023,1
36024,1
36025,0
36026,0
36027,0
36028,0
36029,0
36030,0
36031,0
36032,0
36033,0
36034,0
36035,0
36036,1
36037,1
36038,1
36039,1
36040,1
36041,1
36042,1
36043,1
36044,1
36045,1
36046,1
36047,1
36048,1
36049,1
36050,1
36051,1
36052,1
36053,1
36054,0
36055,0
36056,1
36057,1
36058,1
36059,1
36060,1
36061,1
36062,0
36063,0
36064,0
36065,0
36066,0
36067,0
36068,0
36069,0
36070,0
36071,0
36072,0
36073,0
36074,0
36075,0
36076,0
36077,0
36078,1
36079,1
36080,1
36081,1
36082,1
36083,1
36084,1
36085,1
36086,1
36087,1
36088,1
36089,1
36090,1
36091,1
36092,1
36093,1
36094,1
36095,0
36096,0
36097,0
36098,0
36099,0
36100,1
36101,1
36102,0
36103,1
36104,1
36105,1
36106,0
36107,1
36108,1
36109,1
36110,1
36111,1
36112,1
36113,0
36114,0
36115,1
36116,0
36117,1
36118,0
36119,0
36120,0
36121,1
36122,1
36123,1
36124,1
36125,1
36126,1
36127,1
36128,1
36129,0
36130,1
36131,1
36132,0
36133,0
36134,0
36135,1
36136,1
36137,0
36138,0
36139,0
36140,0
36141,0
36142,0
36143,0
36144,0
36145,1
36146,1
36147,1
36148,0
36149,1
36150,1
36151,1
36152,1
36153,1
36154,1
36155,1
36156,1
36157,1
36158,1
36159,1
36160,1
36161,1
36162,1
36163,1
36164,1
36165,1
36166,1
36167,1
36168,1
36169,1
36170,0
36171,0
36172,0
36173,1
36174,1
36175,1
36176,0
36177,1
36178,1
36179,1
36180,1
36181,1
36182,1
36183,1
36184,1
36185,1
36186,1
36187,1
36188,0
36189,1
36190,1
36191,0
36192,1
36193,1
36194,1
36195,1
36196,0
36197,1
36198,0
36199,1
36200,1
36201,1
36202,1
36203,0
36204,1
36205,0
36206,0
36207,1
36208,1
36209,1
36210,0
36211,1
36212,0
36213,1
36214,1
36215,1
36216,1
36217,0
36218,1
36219,1
36220,1
36221,1
36222,1
36223,1
36224,1
36225,1
36226,0
36227,0
36228,0
36229,0
36230,1
36231,1
36232,1
36233,1
36234,1
36235,1
36236,1
36237,1
36238,1
36239,1
36240,1
36241,1
36242,1
36243,1
36244,1
36245,1
36246,1
36247,0
36248,1
36249,1
36250,1
36251,1
36252,1
36253,1
36254,0
36255,0
36256,1
36257,1
36258,0
36259,0
36260,1
36261,1
36262,1
36263,1
36264,1
36265,1
36266,1
36267,1
36268,1
36269,1
36270,1
36271,1
36272,1
36273,1
36274,1
36275,1
36276,1
36277,1
36278,0
36279,0
36280,0
36281,0
36282,0
36283,1
36284,1
36285,1
36286,0
36287,0
36288,0
36289,0
36290,0
36291,0
36292,0
36293,0
36294,0
36295,0
36296,0
36297,0
36298,0
36299,1
36300,0
36301,0
36302,0
36303,1
36304,1
36305,1
36306,1
36307,1
36308,1
36309,1
36310,1
36311,1
36312,1
36313,1
36314,1
36315,1
36316,1
36317,1
36318,0
36319,1
36320,0
36321,0
36322,1
36323,1
36324,0
36325,0
36326,1
36327,1
36328,0
36329,1
36330,1
36331,1
36332,1
36333,1
36334,1
36335,0
36336,1
36337,1
36338,1
36339,0
36340,1
36341,1
36342,1
36343,1
36344,0
36345,1
36346,0
36347,1
36348,1
36349,1
36350,1
36351,1
36352,1
36353,1
36354,1
36355,1
36356,1
36357,1
36358,1
36359,1
36360,1
36361,1
36362,1
36363,1
36364,0
36365,0
36366,1
36367,0
36368,0
36369,0
36370,1
36371,1
36372,1
36373,1
36374,1
36375,1
36376,1
36377,1
36378,1
36379,1
36380,1
36381,1
36382,1
36383,1
36384,1
36385,1
36386,1
36387,1
36388,1
36389,1
36390,1
36391,0
36392,0
36393,1
36394,0
36395,1
36396,1
36397,1
36398,1
36399,1
36400,1
36401,0
36402,1
36403,0
36404,0
36405,0
36406,1
36407,0
36408,1
36409,0
36410,1
36411,1
36412,1
36413,1
36414,0
36415,0
36416,0
36417,1
36418,1
36419,1
36420,1
36421,0
36422,1
36423,0
36424,1
36425,1
36426,1
36427,0
36428,1
36429,1
36430,1
36431,1
36432,1
36433,1
36434,1
36435,1
36436,1
36437,0
36438,0
36439,0
36440,1
36441,1
36442,1
36443,1
36444,1
36445,1
36446,1
36447,0
36448,0
36449,1
36450,1
36451,1
36452,0
36453,1
36454,1
36455,0
36456,0
36457,1
36458,1
36459,1
36460,1
36461,1
36462,0
36463,1
36464,1
36465,1
36466,1
36467,1
36468,1
36469,0
36470,1
36471,1
36472,1
36473,1
36474,1
36475,1
36476,1
36477,1
36478,1
36479,1
36480,1
36481,0
36482,0
36483,1
36484,1
36485,0
36486,0
36487,1
36488,1
36489,1
36490,1
36491,1
36492,1
36493,1
36494,1
36495,1
36496,1
36497,1
36498,1
36499,1
36500,1
36501,1
36502,1
36503,0
36504,0
36505,0
36506,0
36507,0
36508,1
36509,1
36510,1
36511,0
36512,0
36513,0
36514,0
36515,0
36516,0
36517,0
36518,0
36519,1
36520,0
36521,0
36522,0
36523,0
36524,1
36525,1
36526,1
36527,1
36528,1
36529,1
36530,1
36531,1
36532,1
36533,1
36534,1
36535,1
36536,1
36537,1
36538,1
36539,1
36540,1
36541,1
36542,1
36543,1
36544,1
36545,0
36546,1
36547,1
36548,1
36549,1
36550,1
36551,0
36552,0
36553,1
36554,1
36555,1
36556,1
36557,0
36558,1
36559,1
36560,1
36561,1
36562,1
36563,1
36564,1
36565,0
36566,1
36567,1
36568,0
36569,1
36570,0
36571,1
36572,1
36573,0
36574,1
36575,1
36576,0
36577,1
36578,1
36579,1
36580,1
36581,1
36582,1
36583,1
36584,1
36585,0
36586,0
36587,1
36588,1
36589,1
36590,1
36591,1
36592,1
36593,0
36594,0
36595,0
36596,0
36597,1
36598,1
36599,1
36600,1
36601,1
36602,1
36603,1
36604,1
36605,1
36606,1
36607,1
36608,1
36609,1
36610,1
36611,1
36612,1
36613,1
36614,1
36615,1
36616,1
36617,0
36618,0
36619,1
36620,1
36621,1
36622,1
36623,1
36624,1
36625,1
36626,1
36627,1
36628,1
36629,1
36630,1
36631,1
36632,1
36633,1
36634,0
36635,0
36636,1
36637,0
36638,0
36639,1
36640,0
36641,1
36642,0
36643,1
36644,1
36645,1
36646,1
36647,1
36648,1
36649,1
36650,1
36651,1
36652,1
36653,1
36654,1
36655,1
36656,1
36657,1
36658,1
36659,1
36660,1
36661,1
36662,1
36663,0
36664,0
36665,0
36666,1
36667,0
36668,1
36669,0
36670,1
36671,1
36672,0
36673,1
36674,0
36675,0
36676,0
36677,0
36678,1
36679,1
36680,1
36681,0
36682,1
36683,1
36684,1
36685,1
36686,1
36687,1
36688,1
36689,1
36690,0
36691,1
36692,1
36693,1
36694,0
36695,0
36696,1
36697,1
36698,1
36699,1
36700,1
36701,1
36702,1
36703,1
36704,0
36705,1
36706,1
36707,1
36708,1
36709,1
36710,1
36711,0
36712,0
36713,1
36714,1
36715,1
36716,1
36717,1
36718,1
36719,1
36720,1
36721,1
36722,1
36723,1
36724,1
36725,1
36726,1
36727,0
36728,0
36729,0
36730,0
36731,0
36732,0
36733,1
36734,1
36735,1
36736,1
36737,0
36738,0
36739,0
36740,0
36741,0
36742,1
36743,1
36744,0
36745,0
36746,0
36747,0
36748,0
36749,1
36750,1
36751,0
36752,0
36753,1
36754,1
36755,1
36756,1
36757,1
36758,1
36759,1
36760,1
36761,1
36762,1
36763,1
36764,1
36765,1
36766,1
36767,1
36768,1
36769,1
36770,0
36771,1
36772,1
36773,1
36774,0
36775,0
36776,0
36777,1
36778,1
36779,1
36780,1
36781,0
36782,0
36783,1
36784,0
36785,1
36786,1
36787,1
36788,1
36789,1
36790,0
36791,1
36792,1
36793,0
36794,0
36795,0
36796,1
36797,0
36798,0
36799,1
36800,1
36801,0
36802,0
36803,1
36804,1
36805,1
36806,1
36807,1
36808,0
36809,1
36810,0
36811,0
36812,1
36813,1
36814,1
36815,0
36816,0
36817,0
36818,0
36819,0
36820,0
36821,1
36822,1
36823,1
36824,1
36825,1
36826,1
36827,1
36828,1
36829,1
36830,1
36831,1
36832,1
36833,1
36834,1
36835,1
36836,1
36837,1
36838,1
36839,1
36840,1
36841,1
36842,1
36843,1
36844,1
36845,1
36846,1
36847,1
36848,1
36849,1
36850,1
36851,1
36852,1
36853,1
36854,1
36855,1
36856,1
36857,1
36858,0
36859,0
36860,1
36861,0
36862,1
36863,1
36864,1
36865,0
36866,1
36867,0
36868,1
36869,0
36870,1
36871,1
36872,1
36873,1
36874,1
36875,1
36876,1
36877,1
36878,1
36879,0
36880,1
36881,0
36882,1
36883,1
36884,1
36885,1
36886,1
36887,0
36888,1
36889,1
36890,1
36891,1
36892,1
36893,1
36894,1
36895,1
36896,1
36897,1
36898,0
36899,1
36900,1
36901,1
36902,0
36903,0
36904,1
36905,1
36906,1
36907,1
36908,1
36909,1
36910,1
36911,1
36912,1
36913,1
36914,1
36915,1
36916,1
36917,1
36918,1
36919,0
36920,1
36921,1
36922,1
36923,1
36924,1
36925,1
36926,1
36927,0
36928,1
36929,0
36930,1
36931,1
36932,1
36933,1
36934,1
36935,1
36936,0
36937,0
36938,1
36939,1
36940,1
36941,1
36942,1
36943,1
36944,1
36945,1
36946,1
36947,1
36948,1
36949,1
36950,1
36951,1
36952,1
36953,1
36954,0
36955,0
36956,0
36957,0
36958,0
36959,1
36960,1
36961,1
36962,1
36963,0
36964,0
36965,0
36966,1
36967,1
36968,0
36969,0
36970,0
36971,1
36972,0
36973,0
36974,1
36975,1
36976,0
36977,0
36978,1
36979,1
36980,1
36981,1
36982,1
36983,1
36984,1
36985,1
36986,1
36987,1
36988,1
36989,1
36990,1
36991,1
36992,1
36993,0
36994,1
36995,1
36996,1
36997,1
36998,1
36999,0
37000,0
37001,0
37002,1
37003,1
37004,0
37005,1
37006,0
37007,0
37008,1
37009,0
37010,1
37011,0
37012,0
37013,1
37014,1
37015,0
37016,0
37017,1
37018,1
37019,1
37020,1
37021,1
37022,1
37023,0
37024,1
37025,1
37026,1
37027,1
37028,1
37029,0
37030,1
37031,1
37032,1
37033,0
37034,1
37035,0
37036,0
37037,0
37038,1
37039,1
37040,0
37041,0
37042,0
37043,0
37044,0
37045,0
37046,1
37047,1
37048,1
37049,1
37050,1
37051,1
37052,1
37053,1
37054,1
37055,1
37056,1
37057,1
37058,1
37059,1
37060,1
37061,1
37062,1
37063,1
37064,1
37065,1
37066,0
37067,1
37068,1
37069,1
37070,1
37071,1
37072,1
37073,1
37074,0
37075,1
37076,1
37077,0
37078,0
37079,1
37080,1
37081,0
37082,1
37083,1
37084,1
37085,0
37086,1
37087,1
37088,1
37089,1
37090,1
37091,1
37092,1
37093,1
37094,1
37095,1
37096,1
37097,1
37098,1
37099,1
37100,1
37101,0
37102,1
37103,1
37104,1
37105,1
37106,1
37107,1
37108,1
37109,1
37110,1
37111,1
37112,1
37113,1
37114,0
37115,1
37116,1
37117,1
37118,1
37119,0
37120,1
37121,0
37122,1
37123,1
37124,1
37125,1
37126,1
37127,1
37128,0
37129,1
37130,1
37131,1
37132,0
37133,1
37134,1
37135,1
37136,0
37137,1
37138,1
37139,1
37140,1
37141,1
37142,1
37143,0
37144,1
37145,0
37146,1
37147,1
37148,1
37149,1
37150,1
37151,1
37152,0
37153,0
37154,0
37155,1
37156,1
37157,1
37158,1
37159,1
37160,1
37161,0
37162,0
37163,1
37164,1
37165,1
37166,1
37167,1
37168,1
37169,1
37170,1
37171,1
37172,1
37173,1
37174,1
37175,1
37176,1
37177,1
37178,1
37179,1
37180,1
37181,1
37182,0
37183,0
37184,0
37185,0
37186,0
37187,0
37188,1
37189,1
37190,1
37191,0
37192,0
37193,0
37194,0
37195,0
37196,1
37197,1
37198,0
37199,1
37200,0
37201,0
37202,0
37203,0
37204,0
37205,0
37206,0
37207,0
37208,1
37209,1
37210,1
37211,1
37212,1
37213,1
37214,1
37215,1
37216,1
37217,1
37218,1
37219,1
37220,1
37221,1
37222,1
37223,1
37224,1
37225,0
37226,0
37227,1
37228,0
37229,1
37230,1
37231,0
37232,0
37233,0
37234,0
37235,0
37236,1
37237,0
37238,1
37239,1
37240,1
37241,0
37242,1
37243,1
37244,1
37245,1
37246,0
37247,0
37248,1
37249,1
37250,1
37251,1
37252,1
37253,1
37254,1
37255,1
37256,1
37257,1
37258,1
37259,1
37260,0
37261,0
37262,0
37263,1
37264,1
37265,1
37266,0
37267,0
37268,0
37269,1
37270,1
37271,1
37272,1
37273,1
37274,1
37275,1
37276,1
37277,1
37278,1
37279,1
37280,1
37281,1
37282,1
37283,1
37284,1
37285,1
37286,1
37287,1
37288,1
37289,1
37290,1
37291,1
37292,1
37293,1
37294,0
37295,1
37296,1
37297,0
37298,1
37299,0
37300,0
37301,1
37302,0
37303,1
37304,0
37305,1
37306,1
37307,1
37308,1
37309,1
37310,0
37311,1
37312,1
37313,1
37314,1
37315,1
37316,1
37317,1
37318,1
37319,1
37320,1
37321,1
37322,1
37323,1
37324,0
37325,1
37326,1
37327,1
37328,1
37329,1
37330,0
37331,1
37332,1
37333,1
37334,1
37335,1
37336,1
37337,1
37338,1
37339,1
37340,1
37341,0
37342,0
37343,1
37344,1
37345,1
37346,0
37347,0
37348,0
37349,1
37350,1
37351,1
37352,1
37353,0
37354,0
37355,0
37356,0
37357,1
37358,1
37359,1
37360,1
37361,1
37362,0
37363,1
37364,1
37365,1
37366,0
37367,1
37368,0
37369,1
37370,1
37371,1
37372,0
37373,0
37374,1
37375,1
37376,0
37377,0
37378,0
37379,0
37380,0
37381,1
37382,1
37383,0
37384,1
37385,1
37386,0
37387,0
37388,1
37389,1
37390,1
37391,1
37392,1
37393,1
37394,1
37395,1
37396,1
37397,1
37398,1
37399,1
37400,1
37401,1
37402,1
37403,1
37404,1
37405,1
37406,1
37407,1
37408,0
37409,0
37410,0
37411,0
37412,1
37413,0
37414,1
37415,1
37416,0
37417,0
37418,0
37419,0
37420,0
37421,1
37422,1
37423,0
37424,1
37425,1
37426,0
37427,0
37428,1
37429,0
37430,0
37431,0
37432,0
37433,1
37434,1
37435,1
37436,1
37437,1
37438,1
37439,1
37440,1
37441,1
37442,1
37443,1
37444,1
37445,1
37446,1
37447,1
37448,1
37449,1
37450,1
37451,1
37452,1
37453,1
37454,1
37455,1
37456,1
37457,0
37458,0
37459,1
37460,0
37461,1
37462,1
37463,1
37464,1
37465,0
37466,1
37467,1
37468,1
37469,0
37470,0
37471,1
37472,1
37473,0
37474,1
37475,1
37476,1
37477,1
37478,1
37479,1
37480,1
37481,1
37482,1
37483,1
37484,0
37485,0
37486,0
37487,1
37488,1
37489,1
37490,1
37491,1
37492,1
37493,1
37494,1
37495,1
37496,1
37497,1
37498,1
37499,1
37500,1
37501,1
37502,1
37503,1
37504,1
37505,1
37506,1
37507,0
37508,1
37509,1
37510,1
37511,1
37512,1
37513,1
37514,1
37515,1
37516,1
37517,1
37518,1
37519,1
37520,1
37521,1
37522,1
37523,0
37524,0
37525,1
37526,1
37527,1
37528,1
37529,1
37530,1
37531,0
37532,1
37533,1
37534,1
37535,1
37536,1
37537,1
37538,1
37539,1
37540,1
37541,1
37542,1
37543,0
37544,1
37545,1
37546,0
37547,1
37548,1
37549,1
37550,0
37551,1
37552,1
37553,1
37554,1
37555,1
37556,1
37557,1
37558,0
37559,1
37560,1
37561,1
37562,1
37563,1
37564,1
37565,1
37566,0
37567,0
37568,0
37569,0
37570,1
37571,0
37572,0
37573,0
37574,1
37575,1
37576,1
37577,1
37578,0
37579,0
37580,0
37581,0
37582,1
37583,1
37584,1
37585,1
37586,0
37587,1
37588,1
37589,0
37590,1
37591,0
37592,0
37593,0
37594,1
37595,1
37596,1
37597,1
37598,1
37599,0
37600,1
37601,1
37602,0
37603,0
37604,0
37605,0
37606,1
37607,1
37608,1
37609,1
37610,0
37611,0
37612,0
37613,1
37614,1
37615,1
37616,1
37617,1
37618,1
37619,1
37620,1
37621,1
37622,1
37623,1
37624,1
37625,1
37626,1
37627,1
37628,1
37629,0
37630,0
37631,0
37632,0
37633,0
37634,1
37635,0
37636,0
37637,1
37638,1
37639,0
37640,0
37641,1
37642,1
37643,0
37644,0
37645,1
37646,1
37647,1
37648,1
37649,1
37650,0
37651,1
37652,1
37653,1
37654,1
37655,0
37656,0
37657,0
37658,1
37659,1
37660,1
37661,1
37662,1
37663,1
37664,1
37665,1
37666,1
37667,1
37668,1
37669,1
37670,1
37671,1
37672,1
37673,1
37674,1
37675,1
37676,1
37677,1
37678,1
37679,1
37680,1
37681,1
37682,1
37683,0
37684,1
37685,1
37686,1
37687,1
37688,0
37689,1
37690,1
37691,1
37692,0
37693,0
37694,0
37695,0
37696,1
37697,1
37698,1
37699,1
37700,0
37701,1
37702,1
37703,1
37704,1
37705,1
37706,1
37707,1
37708,0
37709,0
37710,0
37711,0
37712,0
37713,1
37714,1
37715,1
37716,1
37717,1
37718,0
37719,1
37720,1
37721,1
37722,1
37723,1
37724,1
37725,0
37726,1
37727,1
37728,1
37729,0
37730,1
37731,1
37732,1
37733,1
37734,1
37735,1
37736,1
37737,1
37738,1
37739,1
37740,1
37741,1
37742,1
37743,1
37744,1
37745,1
37746,0
37747,0
37748,1
37749,1
37750,1
37751,1
37752,1
37753,1
37754,1
37755,1
37756,0
37757,1
37758,1
37759,1
37760,1
37761,1
37762,1
37763,1
37764,0
37765,1
37766,1
37767,1
37768,1
37769,1
37770,1
37771,1
37772,1
37773,1
37774,0
37775,1
37776,0
37777,1
37778,1
37779,1
37780,1
37781,1
37782,0
37783,1
37784,1
37785,1
37786,1
37787,1
37788,1
37789,1
37790,0
37791,0
37792,0
37793,0
37794,0
37795,1
37796,0
37797,0
37798,0
37799,1
37800,1
37801,1
37802,0
37803,0
37804,0
37805,0
37806,0
37807,0
37808,1
37809,1
37810,1
37811,0
37812,0
37813,0
37814,0
37815,0
37816,1
37817,0
37818,0
37819,0
37820,0
37821,1
37822,0
37823,1
37824,0
37825,0
37826,0
37827,0
37828,0
37829,1
37830,1
37831,1
37832,1
37833,0
37834,1
37835,0
37836,0
37837,0
37838,0
37839,1
37840,1
37841,1
37842,1
37843,1
37844,1
37845,1
37846,1
37847,1
37848,1
37849,1
37850,1
37851,1
37852,1
37853,0
37854,0
37855,1
37856,0
37857,1
37858,0
37859,1
37860,0
37861,0
37862,1
37863,1
37864,1
37865,1
37866,1
37867,1
37868,0
37869,1
37870,1
37871,1
37872,1
37873,1
37874,1
37875,1
37876,1
37877,1
37878,1
37879,1
37880,1
37881,0
37882,0
37883,1
37884,1
37885,1
37886,1
37887,1
37888,1
37889,1
37890,1
37891,1
37892,1
37893,1
37894,1
37895,1
37896,1
37897,1
37898,1
37899,0
37900,1
37901,0
37902,1
37903,1
37904,0
37905,1
37906,0
37907,1
37908,1
37909,1
37910,1
37911,1
37912,1
37913,1
37914,1
37915,1
37916,0
37917,0
37918,0
37919,0
37920,1
37921,0
37922,1
37923,0
37924,1
37925,1
37926,1
37927,1
37928,1
37929,1
37930,1
37931,0
37932,0
37933,0
37934,0
37935,0
37936,0
37937,1
37938,1
37939,1
37940,1
37941,1
37942,1
37943,1
37944,1
37945,1
37946,1
37947,1
37948,1
37949,0
37950,1
37951,1
37952,1
37953,1
37954,1
37955,1
37956,1
37957,0
37958,1
37959,1
37960,1
37961,1
37962,1
37963,1
37964,1
37965,1
37966,1
37967,1
37968,1
37969,1
37970,1
37971,1
37972,1
37973,1
37974,1
37975,1
37976,1
37977,1
37978,1
37979,1
37980,1
37981,1
37982,0
37983,1
37984,1
37985,1
37986,1
37987,1
37988,1
37989,1
37990,1
37991,0
37992,1
37993,0
37994,1
37995,1
37996,1
37997,1
37998,1
37999,1
38000,0
38001,1
38002,1
38003,1
38004,1
38005,1
38006,1
38007,1
38008,1
38009,1
38010,1
38011,1
38012,0
38013,1
38014,1
38015,0
38016,0
38017,0
38018,0
38019,1
38020,1
38021,1
38022,0
38023,0
38024,1
38025,1
38026,1
38027,1
38028,0
38029,0
38030,0
38031,0
38032,0
38033,0
38034,0
38035,0
38036,1
38037,0
38038,0
38039,1
38040,0
38041,0
38042,0
38043,0
38044,0
38045,1
38046,1
38047,1
38048,1
38049,0
38050,0
38051,0
38052,0
38053,0
38054,1
38055,1
38056,1
38057,1
38058,1
38059,1
38060,0
38061,0
38062,0
38063,1
38064,1
38065,1
38066,1
38067,1
38068,1
38069,1
38070,1
38071,1
38072,1
38073,1
38074,1
38075,1
38076,0
38077,1
38078,1
38079,0
38080,1
38081,0
38082,1
38083,1
38084,1
38085,1
38086,1
38087,1
38088,1
38089,1
38090,1
38091,0
38092,0
38093,1
38094,1
38095,0
38096,0
38097,1
38098,1
38099,1
38100,1
38101,1
38102,0
38103,0
38104,0
38105,0
38106,0
38107,0
38108,1
38109,1
38110,1
38111,1
38112,1
38113,1
38114,1
38115,1
38116,1
38117,1
38118,1
38119,1
38120,1
38121,1
38122,1
38123,1
38124,1
38125,1
38126,1
38127,1
38128,1
38129,1
38130,1
38131,0
38132,1
38133,1
38134,1
38135,1
38136,0
38137,0
38138,1
38139,0
38140,1
38141,1
38142,1
38143,0
38144,0
38145,1
38146,0
38147,0
38148,0
38149,0
38150,1
38151,0
38152,1
38153,1
38154,1
38155,1
38156,0
38157,0
38158,0
38159,0
38160,0
38161,0
38162,1
38163,1
38164,1
38165,1
38166,1
38167,0
38168,1
38169,1
38170,1
38171,1
38172,1
38173,0
38174,1
38175,1
38176,1
38177,1
38178,1
38179,1
38180,1
38181,1
38182,1
38183,1
38184,1
38185,1
38186,1
38187,1
38188,1
38189,1
38190,1
38191,1
38192,1
38193,1
38194,1
38195,1
38196,1
38197,1
38198,1
38199,1
38200,1
38201,1
38202,1
38203,1
38204,1
38205,1
38206,1
38207,1
38208,1
38209,1
38210,1
38211,1
38212,1
38213,1
38214,1
38215,1
38216,0
38217,1
38218,0
38219,1
38220,1
38221,1
38222,1
38223,1
38224,1
38225,1
38226,1
38227,1
38228,1
38229,1
38230,1
38231,1
38232,1
38233,1
38234,1
38235,1
38236,1
38237,0
38238,1
38239,1
38240,1
38241,0
38242,0
38243,0
38244,0
38245,1
38246,1
38247,1
38248,0
38249,0
38250,0
38251,1
38252,0
38253,0
38254,1
38255,0
38256,0
38257,0
38258,0
38259,0
38260,0
38261,0
38262,0
38263,1
38264,1
38265,0
38266,1
38267,0
38268,0
38269,0
38270,1
38271,1
38272,1
38273,0
38274,0
38275,0
38276,0
38277,0
38278,0
38279,1
38280,1
38281,1
38282,1
38283,1
38284,0
38285,1
38286,1
38287,1
38288,1
38289,1
38290,1
38291,1
38292,1
38293,1
38294,1
38295,1
38296,1
38297,1
38298,1
38299,1
38300,1
38301,1
38302,0
38303,1
38304,0
38305,0
38306,0
38307,0
38308,1
38309,1
38310,0
38311,1
38312,0
38313,0
38314,0
38315,1
38316,0
38317,1
38318,0
38319,0
38320,0
38321,0
38322,1
38323,0
38324,0
38325,1
38326,0
38327,0
38328,0
38329,0
38330,0
38331,1
38332,1
38333,1
38334,1
38335,1
38336,1
38337,1
38338,1
38339,1
38340,1
38341,1
38342,1
38343,1
38344,1
38345,1
38346,1
38347,1
38348,1
38349,1
38350,1
38351,1
38352,1
38353,1
38354,1
38355,1
38356,0
38357,1
38358,1
38359,1
38360,1
38361,1
38362,1
38363,1
38364,1
38365,0
38366,1
38367,1
38368,1
38369,1
38370,1
38371,1
38372,1
38373,1
38374,0
38375,1
38376,1
38377,1
38378,1
38379,1
38380,1
38381,1
38382,0
38383,0
38384,0
38385,0
38386,1
38387,1
38388,1
38389,1
38390,1
38391,1
38392,1
38393,1
38394,1
38395,1
38396,1
38397,0
38398,1
38399,0
38400,0
38401,1
38402,1
38403,1
38404,1
38405,1
38406,1
38407,1
38408,1
38409,1
38410,1
38411,1
38412,0
38413,1
38414,1
38415,1
38416,1
38417,1
38418,1
38419,1
38420,1
38421,0
38422,1
38423,1
38424,1
38425,1
38426,1
38427,1
38428,0
38429,0
38430,1
38431,1
38432,1
38433,1
38434,1
38435,0
38436,1
38437,1
38438,1
38439,1
38440,0
38441,1
38442,1
38443,1
38444,1
38445,0
38446,1
38447,0
38448,1
38449,1
38450,1
38451,1
38452,1
38453,1
38454,1
38455,1
38456,1
38457,1
38458,1
38459,1
38460,0
38461,0
38462,0
38463,0
38464,1
38465,0
38466,0
38467,0
38468,0
38469,0
38470,0
38471,1
38472,1
38473,0
38474,1
38475,0
38476,0
38477,0
38478,0
38479,1
38480,0
38481,0
38482,0
38483,0
38484,0
38485,0
38486,0
38487,0
38488,1
38489,0
38490,1
38491,0
38492,0
38493,1
38494,1
38495,1
38496,1
38497,0
38498,0
38499,0
38500,0
38501,0
38502,0
38503,0
38504,0
38505,1
38506,1
38507,1
38508,1
38509,1
38510,1
38511,1
38512,0
38513,0
38514,1
38515,1
38516,1
38517,1
38518,1
38519,1
38520,1
38521,1
38522,1
38523,1
38524,1
38525,1
38526,1
38527,1
38528,1
38529,1
38530,0
38531,1
38532,0
38533,0
38534,0
38535,1
38536,0
38537,0
38538,0
38539,0
38540,0
38541,0
38542,0
38543,0
38544,0
38545,0
38546,0
38547,0
38548,1
38549,0
38550,0
38551,0
38552,0
38553,0
38554,0
38555,0
38556,0
38557,1
38558,1
38559,1
38560,1
38561,1
38562,1
38563,1
38564,1
38565,1
38566,1
38567,1
38568,1
38569,1
38570,1
38571,1
38572,1
38573,1
38574,1
38575,1
38576,1
38577,1
38578,0
38579,1
38580,0
38581,1
38582,1
38583,1
38584,1
38585,1
38586,1
38587,0
38588,1
38589,1
38590,1
38591,0
38592,0
38593,0
38594,0
38595,1
38596,1
38597,1
38598,1
38599,1
38600,1
38601,0
38602,1
38603,1
38604,1
38605,1
38606,1
38607,1
38608,0
38609,0
38610,0
38611,1
38612,1
38613,0
38614,0
38615,0
38616,1
38617,1
38618,1
38619,1
38620,1
38621,0
38622,1
38623,1
38624,1
38625,0
38626,1
38627,1
38628,1
38629,1
38630,1
38631,0
38632,1
38633,1
38634,1
38635,1
38636,1
38637,1
38638,1
38639,1
38640,1
38641,1
38642,1
38643,1
38644,1
38645,1
38646,1
38647,1
38648,1
38649,1
38650,1
38651,1
38652,1
38653,1
38654,1
38655,1
38656,1
38657,1
38658,1
38659,1
38660,1
38661,0
38662,0
38663,1
38664,1
38665,1
38666,0
38667,1
38668,0
38669,1
38670,1
38671,1
38672,1
38673,1
38674,1
38675,1
38676,1
38677,1
38678,1
38679,1
38680,1
38681,1
38682,1
38683,0
38684,1
38685,0
38686,0
38687,0
38688,0
38689,0
38690,0
38691,0
38692,0
38693,0
38694,1
38695,1
38696,1
38697,1
38698,0
38699,1
38700,0
38701,0
38702,0
38703,0
38704,0
38705,0
38706,0
38707,1
38708,0
38709,0
38710,0
38711,0
38712,0
38713,0
38714,1
38715,1
38716,0
38717,0
38718,1
38719,1
38720,1
38721,0
38722,1
38723,0
38724,0
38725,0
38726,0
38727,0
38728,1
38729,1
38730,1
38731,1
38732,1
38733,1
38734,1
38735,1
38736,0
38737,0
38738,0
38739,1
38740,1
38741,1
38742,1
38743,1
38744,1
38745,1
38746,1
38747,1
38748,1
38749,1
38750,0
38751,0
38752,1
38753,0
38754,1
38755,0
38756,0
38757,0
38758,1
38759,0
38760,1
38761,1
38762,0
38763,0
38764,0
38765,0
38766,0
38767,0
38768,0
38769,0
38770,0
38771,0
38772,1
38773,0
38774,0
38775,0
38776,0
38777,0
38778,0
38779,0
38780,1
38781,1
38782,1
38783,1
38784,1
38785,1
38786,1
38787,1
38788,1
38789,1
38790,1
38791,1
38792,0
38793,1
38794,1
38795,1
38796,1
38797,1
38798,1
38799,1
38800,1
38801,1
38802,1
38803,1
38804,1
38805,1
38806,1
38807,1
38808,1
38809,1
38810,1
38811,0
38812,1
38813,1
38814,1
38815,0
38816,1
38817,0
38818,0
38819,1
38820,1
38821,0
38822,0
38823,0
38824,0
38825,1
38826,1
38827,1
38828,1
38829,1
38830,1
38831,1
38832,0
38833,0
38834,0
38835,0
38836,0
38837,0
38838,1
38839,0
38840,0
38841,0
38842,1
38843,1
38844,1
38845,1
38846,1
38847,1
38848,1
38849,1
38850,1
38851,1
38852,1
38853,1
38854,1
38855,1
38856,1
38857,1
38858,1
38859,1
38860,1
38861,1
38862,1
38863,1
38864,1
38865,1
38866,1
38867,1
38868,1
38869,1
38870,1
38871,1
38872,1
38873,1
38874,1
38875,1
38876,1
38877,1
38878,0
38879,0
38880,1
38881,1
38882,1
38883,1
38884,1
38885,1
38886,1
38887,1
38888,1
38889,1
38890,0
38891,0
38892,1
38893,0
38894,0
38895,0
38896,1
38897,1
38898,1
38899,1
38900,1
38901,1
38902,1
38903,1
38904,1
38905,1
38906,1
38907,1
38908,1
38909,1
38910,1
38911,0
38912,0
38913,0
38914,0
38915,0
38916,0
38917,0
38918,0
38919,0
38920,1
38921,1
38922,1
38923,1
38924,0
38925,0
38926,1
38927,1
38928,0
38929,0
38930,1
38931,1
38932,1
38933,0
38934,0
38935,0
38936,0
38937,0
38938,0
38939,0
38940,1
38941,1
38942,0
38943,0
38944,1
38945,1
38946,1
38947,1
38948,1
38949,0
38950,0
38951,0
38952,0
38953,0
38954,0
38955,1
38956,1
38957,1
38958,1
38959,1
38960,1
38961,1
38962,0
38963,1
38964,1
38965,1
38966,1
38967,1
38968,1
38969,1
38970,1
38971,1
38972,1
38973,1
38974,1
38975,1
38976,1
38977,0
38978,1
38979,1
38980,0
38981,0
38982,1
38983,1
38984,0
38985,1
38986,1
38987,0
38988,0
38989,0
38990,0
38991,0
38992,0
38993,0
38994,0
38995,1
38996,1
38997,1
38998,1
38999,0
39000,0
39001,0
39002,0
39003,0
39004,0
39005,0
39006,1
39007,0
39008,1
39009,1
39010,1
39011,1
39012,1
39013,1
39014,1
39015,1
39016,1
39017,1
39018,1
39019,1
39020,1
39021,1
39022,1
39023,1
39024,1
39025,1
39026,1
39027,1
39028,1
39029,1
39030,1
39031,1
39032,1
39033,1
39034,1
39035,1
39036,1
39037,1
39038,1
39039,0
39040,1
39041,1
39042,1
39043,0
39044,1
39045,0
39046,0
39047,0
39048,0
39049,0
39050,1
39051,1
39052,1
39053,1
39054,1
39055,1
39056,1
39057,1
39058,0
39059,0
39060,0
39061,0
39062,0
39063,1
39064,0
39065,0
39066,0
39067,0
39068,1
39069,1
39070,1
39071,1
39072,1
39073,0
39074,0
39075,1
39076,1
39077,0
39078,1
39079,1
39080,1
39081,1
39082,1
39083,1
39084,1
39085,1
39086,1
39087,1
39088,1
39089,1
39090,1
39091,1
39092,1
39093,1
39094,1
39095,1
39096,1
39097,1
39098,1
39099,1
39100,1
39101,1
39102,0
39103,1
39104,1
39105,1
39106,1
39107,1
39108,1
39109,1
39110,1
39111,1
39112,1
39113,0
39114,1
39115,1
39116,1
39117,1
39118,1
39119,0
39120,1
39121,1
39122,0
39123,0
39124,0
39125,1
39126,1
39127,1
39128,1
39129,1
39130,1
39131,1
39132,1
39133,1
39134,1
39135,1
39136,0
39137,0
39138,0
39139,0
39140,0
39141,1
39142,1
39143,0
39144,1
39145,1
39146,1
39147,1
39148,1
39149,1
39150,1
39151,1
39152,0
39153,0
39154,1
39155,1
39156,1
39157,1
39158,0
39159,0
39160,0
39161,0
39162,0
39163,0
39164,0
39165,1
39166,1
39167,0
39168,1
39169,1
39170,1
39171,1
39172,1
39173,1
39174,1
39175,0
39176,0
39177,1
39178,1
39179,1
39180,1
39181,1
39182,1
39183,1
39184,1
39185,1
39186,1
39187,0
39188,0
39189,1
39190,1
39191,1
39192,1
39193,1
39194,1
39195,1
39196,1
39197,1
39198,1
39199,1
39200,1
39201,0
39202,0
39203,0
39204,0
39205,0
39206,0
39207,0
39208,1
39209,0
39210,1
39211,1
39212,0
39213,0
39214,0
39215,0
39216,0
39217,0
39218,1
39219,1
39220,1
39221,1
39222,1
39223,1
39224,0
39225,0
39226,0
39227,0
39228,0
39229,1
39230,0
39231,1
39232,1
39233,1
39234,1
39235,1
39236,1
39237,1
39238,1
39239,1
39240,1
39241,1
39242,1
39243,1
39244,1
39245,1
39246,1
39247,1
39248,1
39249,1
39250,0
39251,0
39252,1
39253,1
39254,1
39255,1
39256,0
39257,1
39258,0
39259,1
39260,1
39261,1
39262,1
39263,1
39264,1
39265,1
39266,0
39267,1
39268,1
39269,1
39270,0
39271,0
39272,0
39273,0
39274,0
39275,0
39276,0
39277,0
39278,1
39279,0
39280,1
39281,1
39282,1
39283,0
39284,0
39285,0
39286,0
39287,0
39288,1
39289,0
39290,0
39291,0
39292,0
39293,0
39294,1
39295,1
39296,0
39297,1
39298,0
39299,1
39300,1
39301,0
39302,1
39303,1
39304,1
39305,1
39306,1
39307,1
39308,1
39309,1
39310,1
39311,1
39312,1
39313,1
39314,1
39315,1
39316,1
39317,1
39318,1
39319,1
39320,1
39321,1
39322,1
39323,1
39324,0
39325,1
39326,1
39327,1
39328,1
39329,1
39330,1
39331,1
39332,1
39333,0
39334,1
39335,1
39336,1
39337,1
39338,1
39339,1
39340,1
39341,1
39342,1
39343,0
39344,1
39345,1
39346,1
39347,1
39348,1
39349,1
39350,1
39351,1
39352,1
39353,1
39354,1
39355,1
39356,1
39357,1
39358,1
39359,1
39360,1
39361,1
39362,0
39363,1
39364,1
39365,1
39366,0
39367,0
39368,0
39369,0
39370,1
39371,1
39372,1
39373,1
39374,0
39375,1
39376,1
39377,0
39378,0
39379,0
39380,1
39381,1
39382,1
39383,0
39384,0
39385,0
39386,0
39387,0
39388,0
39389,0
39390,1
39391,1
39392,0
39393,1
39394,1
39395,0
39396,0
39397,1
39398,1
39399,0
39400,1
39401,1
39402,1
39403,1
39404,1
39405,1
39406,1
39407,1
39408,1
39409,1
39410,1
39411,1
39412,0
39413,0
39414,1
39415,1
39416,1
39417,1
39418,1
39419,1
39420,1
39421,1
39422,1
39423,1
39424,1
39425,1
39426,1
39427,0
39428,0
39429,0
39430,0
39431,0
39432,0
39433,0
39434,1
39435,1
39436,0
39437,0
39438,0
39439,1
39440,0
39441,0
39442,0
39443,0
39444,0
39445,1
39446,1
39447,0
39448,1
39449,0
39450,0
39451,0
39452,0
39453,0
39454,0
39455,0
39456,1
39457,1
39458,1
39459,1
39460,1
39461,1
39462,1
39463,1
39464,1
39465,1
39466,1
39467,1
39468,1
39469,1
39470,1
39471,1
39472,1
39473,1
39474,0
39475,0
39476,0
39477,0
39478,1
39479,1
39480,1
39481,1
39482,1
39483,0
39484,1
39485,1
39486,1
39487,1
39488,1
39489,0
39490,0
39491,0
39492,1
39493,1
39494,1
39495,0
39496,0
39497,0
39498,0
39499,0
39500,0
39501,0
39502,0
39503,0
39504,0
39505,1
39506,0
39507,1
39508,1
39509,1
39510,0
39511,0
39512,0
39513,1
39514,0
39515,0
39516,0
39517,0
39518,1
39519,1
39520,1
39521,1
39522,1
39523,1
39524,1
39525,0
39526,0
39527,1
39528,1
39529,1
39530,0
39531,1
39532,1
39533,1
39534,1
39535,1
39536,1
39537,1
39538,1
39539,1
39540,1
39541,1
39542,1
39543,1
39544,1
39545,1
39546,1
39547,1
39548,1
39549,1
39550,1
39551,1
39552,0
39553,0
39554,1
39555,1
39556,0
39557,1
39558,1
39559,1
39560,1
39561,1
39562,0
39563,1
39564,1
39565,1
39566,1
39567,0
39568,1
39569,1
39570,0
39571,1
39572,1
39573,1
39574,1
39575,1
39576,1
39577,1
39578,1
39579,1
39580,1
39581,1
39582,1
39583,1
39584,1
39585,1
39586,1
39587,0
39588,1
39589,1
39590,0
39591,0
39592,0
39593,0
39594,1
39595,1
39596,0
39597,1
39598,1
39599,0
39600,0
39601,1
39602,0
39603,1
39604,1
39605,1
39606,1
39607,1
39608,0
39609,0
39610,0
39611,0
39612,0
39613,0
39614,0
39615,1
39616,1
39617,1
39618,1
39619,1
39620,1
39621,0
39622,0
39623,1
39624,0
39625,0
39626,0
39627,0
39628,0
39629,0
39630,1
39631,1
39632,1
39633,1
39634,0
39635,1
39636,1
39637,0
39638,0
39639,0
39640,1
39641,1
39642,1
39643,1
39644,1
39645,1
39646,1
39647,1
39648,1
39649,1
39650,1
39651,1
39652,0
39653,0
39654,1
39655,1
39656,0
39657,1
39658,1
39659,1
39660,0
39661,0
39662,0
39663,0
39664,1
39665,0
39666,0
39667,1
39668,1
39669,1
39670,1
39671,1
39672,1
39673,1
39674,0
39675,0
39676,0
39677,0
39678,0
39679,1
39680,0
39681,0
39682,1
39683,1
39684,1
39685,1
39686,1
39687,1
39688,1
39689,1
39690,1
39691,1
39692,1
39693,1
39694,1
39695,1
39696,1
39697,1
39698,1
39699,0
39700,0
39701,0
39702,0
39703,0
39704,1
39705,0
39706,1
39707,1
39708,1
39709,1
39710,1
39711,1
39712,1
39713,0
39714,0
39715,0
39716,0
39717,0
39718,1
39719,1
39720,0
39721,0
39722,0
39723,0
39724,1
39725,0
39726,0
39727,0
39728,0
39729,1
39730,0
39731,0
39732,0
39733,1
39734,1
39735,1
39736,0
39737,0
39738,1
39739,1
39740,0
39741,0
39742,0
39743,1
39744,1
39745,1
39746,1
39747,1
39748,0
39749,0
39750,1
39751,1
39752,1
39753,0
39754,1
39755,1
39756,1
39757,1
39758,1
39759,1
39760,1
39761,1
39762,1
39763,1
39764,1
39765,1
39766,1
39767,1
39768,1
39769,1
39770,1
39771,1
39772,1
39773,1
39774,1
39775,0
39776,1
39777,1
39778,1
39779,1
39780,1
39781,1
39782,1
39783,0
39784,1
39785,1
39786,1
39787,0
39788,1
39789,1
39790,1
39791,1
39792,1
39793,1
39794,1
39795,1
39796,0
39797,1
39798,1
39799,1
39800,1
39801,1
39802,1
39803,1
39804,1
39805,1
39806,1
39807,1
39808,1
39809,1
39810,1
39811,1
39812,1
39813,0
39814,0
39815,0
39816,0
39817,0
39818,0
39819,0
39820,1
39821,1
39822,1
39823,1
39824,0
39825,1
39826,0
39827,0
39828,0
39829,1
39830,1
39831,1
39832,0
39833,0
39834,0
39835,0
39836,0
39837,0
39838,1
39839,0
39840,1
39841,0
39842,1
39843,1
39844,1
39845,1
39846,0
39847,0
39848,0
39849,1
39850,0
39851,0
39852,1
39853,1
39854,0
39855,0
39856,1
39857,1
39858,1
39859,1
39860,1
39861,1
39862,0
39863,0
39864,0
39865,1
39866,1
39867,1
39868,1
39869,1
39870,1
39871,1
39872,1
39873,1
39874,1
39875,1
39876,1
39877,1
39878,1
39879,1
39880,1
39881,1
39882,1
39883,0
39884,1
39885,0
39886,0
39887,0
39888,0
39889,0
39890,0
39891,0
39892,0
39893,1
39894,1
39895,1
39896,1
39897,1
39898,0
39899,0
39900,0
39901,0
39902,0
39903,0
39904,0
39905,0
39906,0
39907,0
39908,0
39909,1
39910,1
39911,1
39912,0
39913,1
39914,1
39915,0
39916,1
39917,0
39918,1
39919,1
39920,1
39921,1
39922,1
39923,1
39924,1
39925,1
39926,1
39927,0
39928,1
39929,1
39930,1
39931,1
39932,1
39933,1
39934,1
39935,0
39936,0
39937,1
39938,0
39939,0
39940,0
39941,0
39942,0
39943,0
39944,1
39945,1
39946,0
39947,0
39948,1
39949,1
39950,1
39951,1
39952,1
39953,1
39954,0
39955,1
39956,0
39957,0
39958,1
39959,1
39960,1
39961,0
39962,0
39963,1
39964,1
39965,0
39966,0
39967,0
39968,1
39969,1
39970,1
39971,1
39972,1
39973,0
39974,1
39975,1
39976,0
39977,1
39978,1
39979,1
39980,1
39981,1
39982,1
39983,1
39984,1
39985,1
39986,1
39987,0
39988,1
39989,1
39990,1
39991,1
39992,1
39993,1
39994,1
39995,1
39996,1
39997,1
39998,1
39999,1
40000,1
40001,1
40002,1
40003,1
40004,1
40005,1
40006,1
40007,1
40008,1
40009,1
40010,1
40011,1
40012,1
40013,1
40014,1
40015,1
40016,1
40017,1
40018,1
40019,1
40020,1
40021,0
40022,1
40023,1
40024,1
40025,1
40026,1
40027,0
40028,1
40029,1
40030,1
40031,1
40032,1
40033,1
40034,1
40035,1
40036,1
40037,1
40038,0
40039,1
40040,0
40041,0
40042,0
40043,0
40044,0
40045,1
40046,1
40047,1
40048,1
40049,1
40050,1
40051,0
40052,0
40053,0
40054,0
40055,1
40056,1
40057,0
40058,0
40059,0
40060,0
40061,0
40062,0
40063,1
40064,0
40065,0
40066,0
40067,1
40068,1
40069,1
40070,1
40071,0
40072,1
40073,0
40074,0
40075,0
40076,0
40077,1
40078,1
40079,1
40080,1
40081,1
40082,1
40083,1
40084,1
40085,0
40086,1
40087,1
40088,0
40089,1
40090,1
40091,1
40092,1
40093,1
40094,1
40095,1
40096,1
40097,1
40098,1
40099,1
40100,1
40101,1
40102,1
40103,1
40104,1
40105,1
40106,0
40107,0
40108,0
40109,1
40110,1
40111,0
40112,0
40113,0
40114,0
40115,0
40116,0
40117,0
40118,0
40119,1
40120,1
40121,1
40122,1
40123,0
40124,0
40125,0
40126,0
40127,1
40128,0
40129,0
40130,0
40131,0
40132,0
40133,0
40134,1
40135,1
40136,0
40137,0
40138,1
40139,1
40140,0
40141,1
40142,1
40143,1
40144,1
40145,1
40146,1
40147,1
40148,1
40149,1
40150,1
40151,1
40152,1
40153,1
40154,1
40155,1
40156,1
40157,1
40158,1
40159,1
40160,0
40161,0
40162,0
40163,0
40164,0
40165,0
40166,0
40167,0
40168,0
40169,1
40170,1
40171,0
40172,0
40173,1
40174,1
40175,1
40176,1
40177,1
40178,0
40179,0
40180,1
40181,1
40182,0
40183,1
40184,1
40185,1
40186,1
40187,1
40188,1
40189,0
40190,0
40191,0
40192,0
40193,1
40194,0
40195,1
40196,0
40197,1
40198,1
40199,1
40200,1
40201,1
40202,1
40203,0
40204,1
40205,1
40206,0
40207,1
40208,1
40209,1
40210,1
40211,1
40212,1
40213,1
40214,1
40215,1
40216,1
40217,1
40218,1
40219,1
40220,1
40221,1
40222,1
40223,1
40224,1
40225,1
40226,1
40227,1
40228,1
40229,1
40230,1
40231,1
40232,1
40233,1
40234,1
40235,1
40236,1
40237,1
40238,0
40239,0
40240,0
40241,1
40242,1
40243,1
40244,1
40245,1
40246,1
40247,1
40248,1
40249,1
40250,0
40251,1
40252,1
40253,1
40254,1
40255,1
40256,1
40257,1
40258,1
40259,1
40260,1
40261,1
40262,1
40263,1
40264,1
40265,1
40266,0
40267,0
40268,0
40269,1
40270,1
40271,1
40272,1
40273,1
40274,0
40275,1
40276,1
40277,0
40278,0
40279,1
40280,1
40281,1
40282,1
40283,0
40284,0
40285,0
40286,0
40287,0
40288,0
40289,0
40290,1
40291,1
40292,1
40293,0
40294,0
40295,0
40296,1
40297,0
40298,0
40299,0
40300,0
40301,0
40302,0
40303,0
40304,1
40305,1
40306,1
40307,1
40308,1
40309,1
40310,1
40311,1
40312,1
40313,0
40314,0
40315,1
40316,1
40317,1
40318,1
40319,1
40320,1
40321,1
40322,1
40323,1
40324,1
40325,1
40326,1
40327,1
40328,1
40329,1
40330,1
40331,0
40332,0
40333,0
40334,1
40335,0
40336,0
40337,0
40338,0
40339,0
40340,0
40341,0
40342,0
40343,0
40344,1
40345,1
40346,1
40347,1
40348,0
40349,0
40350,0
40351,0
40352,0
40353,0
40354,0
40355,0
40356,0
40357,0
40358,0
40359,1
40360,1
40361,1
40362,1
40363,1
40364,0
40365,1
40366,1
40367,1
40368,1
40369,1
40370,1
40371,1
40372,1
40373,1
40374,1
40375,1
40376,0
40377,1
40378,1
40379,1
40380,0
40381,0
40382,1
40383,1
40384,0
40385,0
40386,0
40387,0
40388,0
40389,0
40390,0
40391,0
40392,0
40393,1
40394,1
40395,0
40396,0
40397,0
40398,0
40399,1
40400,1
40401,0
40402,1
40403,1
40404,1
40405,1
40406,1
40407,1
40408,1
40409,1
40410,1
40411,1
40412,0
40413,0
40414,0
40415,0
40416,0
40417,0
40418,1
40419,1
40420,1
40421,1
40422,0
40423,1
40424,0
40425,0
40426,1
40427,1
40428,1
40429,1
40430,1
40431,1
40432,0
40433,1
40434,0
40435,1
40436,1
40437,1
40438,1
40439,1
40440,1
40441,1
40442,1
40443,1
40444,1
40445,1
40446,1
40447,1
40448,1
40449,1
40450,1
40451,1
40452,1
40453,1
40454,1
40455,1
40456,1
40457,1
40458,1
40459,1
40460,1
40461,1
40462,1
40463,1
40464,1
40465,1
40466,0
40467,1
40468,1
40469,1
40470,1
40471,1
40472,1
40473,1
40474,1
40475,1
40476,0
40477,1
40478,1
40479,1
40480,0
40481,1
40482,1
40483,1
40484,1
40485,1
40486,1
40487,1
40488,1
40489,1
40490,0
40491,0
40492,0
40493,0
40494,1
40495,1
40496,1
40497,0
40498,0
40499,1
40500,1
40501,1
40502,0
40503,0
40504,1
40505,0
40506,0
40507,0
40508,0
40509,0
40510,1
40511,0
40512,0
40513,0
40514,0
40515,1
40516,1
40517,0
40518,0
40519,0
40520,0
40521,0
40522,0
40523,1
40524,0
40525,0
40526,0
40527,0
40528,0
40529,1
40530,1
40531,1
40532,1
40533,0
40534,0
40535,0
40536,1
40537,0
40538,0
40539,0
40540,0
40541,1
40542,1
40543,1
40544,1
40545,1
40546,1
40547,1
40548,1
40549,1
40550,1
40551,1
40552,1
40553,0
40554,1
40555,1
40556,0
40557,1
40558,0
40559,1
40560,1
40561,1
40562,0
40563,0
40564,1
40565,0
40566,0
40567,0
40568,0
40569,1
40570,1
40571,1
40572,1
40573,1
40574,0
40575,0
40576,0
40577,0
40578,0
40579,0
40580,0
40581,0
40582,0
40583,0
40584,0
40585,0
40586,1
40587,1
40588,1
40589,1
40590,1
40591,1
40592,1
40593,1
40594,1
40595,1
40596,1
40597,1
40598,1
40599,1
40600,1
40601,1
40602,1
40603,1
40604,1
40605,1
40606,1
40607,1
40608,1
40609,0
40610,0
40611,0
40612,0
40613,0
40614,0
40615,0
40616,0
40617,0
40618,0
40619,0
40620,0
40621,0
40622,0
40623,0
40624,0
40625,0
40626,0
40627,1
40628,1
40629,1
40630,1
40631,0
40632,1
40633,1
40634,1
40635,1
40636,1
40637,0
40638,0
40639,0
40640,0
40641,0
40642,0
40643,1
40644,1
40645,0
40646,1
40647,1
40648,1
40649,0
40650,1
40651,1
40652,0
40653,1
40654,1
40655,0
40656,1
40657,1
40658,0
40659,1
40660,1
40661,1
40662,1
40663,1
40664,1
40665,1
40666,1
40667,1
40668,1
40669,1
40670,1
40671,1
40672,1
40673,1
40674,1
40675,1
40676,1
40677,1
40678,1
40679,1
40680,1
40681,1
40682,0
40683,1
40684,1
40685,1
40686,1
40687,1
40688,1
40689,1
40690,1
40691,1
40692,1
40693,1
40694,1
40695,1
40696,1
40697,1
40698,1
40699,1
40700,1
40701,1
40702,0
40703,1
40704,1
40705,1
40706,1
40707,1
40708,1
40709,1
40710,1
40711,0
40712,1
40713,1
40714,1
40715,1
40716,0
40717,1
40718,1
40719,1
40720,1
40721,1
40722,0
40723,1
40724,1
40725,1
40726,0
40727,0
40728,0
40729,0
40730,0
40731,0
40732,0
40733,0
40734,0
40735,0
40736,1
40737,1
40738,0
40739,0
40740,0
40741,0
40742,0
40743,0
40744,0
40745,1
40746,0
40747,0
40748,1
40749,0
40750,0
40751,0
40752,1
40753,0
40754,1
40755,1
40756,1
40757,1
40758,0
40759,1
40760,1
40761,1
40762,0
40763,0
40764,0
40765,0
40766,0
40767,0
40768,1
40769,1
40770,1
40771,1
40772,1
40773,1
40774,1
40775,1
40776,1
40777,1
40778,0
40779,0
40780,1
40781,1
40782,1
40783,1
40784,1
40785,1
40786,0
40787,0
40788,0
40789,1
40790,0
40791,0
40792,0
40793,0
40794,0
40795,0
40796,0
40797,0
40798,1
40799,1
40800,1
40801,0
40802,0
40803,0
40804,0
40805,0
40806,1
40807,1
40808,0
40809,0
40810,0
40811,1
40812,1
40813,1
40814,1
40815,1
40816,1
40817,0
40818,1
40819,0
40820,1
40821,1
40822,1
40823,1
40824,1
40825,1
40826,1
40827,1
40828,1
40829,1
40830,1
40831,1
40832,1
40833,1
40834,0
40835,1
40836,1
40837,0
40838,1
40839,1
40840,0
40841,1
40842,0
40843,1
40844,1
40845,0
40846,0
40847,0
40848,0
40849,0
40850,0
40851,0
40852,1
40853,1
40854,1
40855,1
40856,1
40857,1
40858,1
40859,1
40860,1
40861,1
40862,0
40863,0
40864,0
40865,0
40866,0
40867,0
40868,1
40869,1
40870,1
40871,1
40872,0
40873,1
40874,0
40875,1
40876,1
40877,1
40878,0
40879,1
40880,0
40881,1
40882,1
40883,1
40884,1
40885,1
40886,1
40887,1
40888,1
40889,1
40890,1
40891,1
40892,1
40893,1
40894,1
40895,1
40896,1
40897,1
40898,1
40899,1
40900,1
40901,1
40902,1
40903,1
40904,1
40905,1
40906,1
40907,1
40908,1
40909,1
40910,1
40911,1
40912,1
40913,1
40914,1
40915,1
40916,1
40917,0
40918,1
40919,1
40920,1
40921,1
40922,1
40923,1
40924,1
40925,1
40926,1
40927,1
40928,1
40929,1
40930,1
40931,1
40932,0
40933,1
40934,1
40935,1
40936,1
40937,0
40938,1
40939,0
40940,1
40941,0
40942,1
40943,1
40944,1
40945,1
40946,1
40947,1
40948,1
40949,0
40950,0
40951,0
40952,0
40953,0
40954,0
40955,0
40956,0
40957,0
40958,0
40959,1
40960,0
40961,0
40962,0
40963,1
40964,0
40965,0
40966,0
40967,0
40968,0
40969,0
40970,0
40971,1
40972,1
40973,1
40974,0
40975,0
40976,0
40977,0
40978,0
40979,0
40980,0
40981,0
40982,1
40983,1
40984,1
40985,1
40986,1
40987,0
40988,0
40989,0
40990,0
40991,0
40992,1
40993,1
40994,0
40995,1
40996,1
40997,1
40998,1
40999,1
41000,1
41001,0
41002,1
41003,0
41004,0
41005,0
41006,1
41007,0
41008,0
41009,0
41010,0
41011,1
41012,0
41013,1
41014,0
41015,0
41016,0
41017,0
41018,0
41019,0
41020,0
41021,0
41022,0
41023,0
41024,1
41025,1
41026,1
41027,0
41028,0
41029,0
41030,0
41031,1
41032,0
41033,0
41034,0
41035,1
41036,1
41037,1
41038,1
41039,1
41040,1
41041,1
41042,1
41043,0
41044,1
41045,1
41046,1
41047,1
41048,1
41049,1
41050,1
41051,1
41052,1
41053,1
41054,0
41055,1
41056,1
41057,1
41058,1
41059,1
41060,1
41061,1
41062,0
41063,0
41064,0
41065,1
41066,0
41067,1
41068,0
41069,1
41070,0
41071,0
41072,0
41073,0
41074,0
41075,0
41076,0
41077,1
41078,1
41079,1
41080,1
41081,1
41082,1
41083,1
41084,1
41085,0
41086,1
41087,0
41088,0
41089,0
41090,0
41091,0
41092,0
41093,0
41094,1
41095,0
41096,1
41097,1
41098,1
41099,1
41100,1
41101,1
41102,1
41103,0
41104,0
41105,1
41106,1
41107,1
41108,1
41109,0
41110,1
41111,1
41112,1
41113,1
41114,1
41115,1
41116,1
41117,1
41118,1
41119,1
41120,1
41121,1
41122,1
41123,1
41124,1
41125,1
41126,1
41127,1
41128,1
41129,1
41130,1
41131,1
41132,1
41133,1
41134,1
41135,1
41136,1
41137,1
41138,1
41139,1
41140,1
41141,1
41142,1
41143,0
41144,1
41145,1
41146,1
41147,1
41148,1
41149,1
41150,1
41151,1
41152,1
41153,1
41154,1
41155,1
41156,1
41157,1
41158,1
41159,1
41160,1
41161,1
41162,1
41163,1
41164,1
41165,1
41166,1
41167,1
41168,0
41169,1
41170,1
41171,1
41172,1
41173,0
41174,1
41175,1
41176,1
41177,1
41178,0
41179,0
41180,0
41181,1
41182,0
41183,0
41184,0
41185,0
41186,0
41187,0
41188,0
41189,0
41190,0
41191,1
41192,1
41193,1
41194,1
41195,1
41196,1
41197,1
41198,1
41199,1
41200,1
41201,0
41202,0
41203,0
41204,0
41205,0
41206,1
41207,0
41208,1
41209,1
41210,1
41211,1
41212,0
41213,0
41214,0
41215,0
41216,0
41217,1
41218,0
41219,0
41220,1
41221,0
41222,1
41223,0
41224,1
41225,1
41226,0
41227,1
41228,1
41229,0
41230,0
41231,0
41232,0
41233,0
41234,0
41235,0
41236,0
41237,0
41238,0
41239,1
41240,0
41241,0
41242,0
41243,0
41244,0
41245,0
41246,0
41247,0
41248,0
41249,1
41250,0
41251,1
41252,0
41253,0
41254,1
41255,0
41256,0
41257,0
41258,0
41259,1
41260,1
41261,1
41262,1
41263,1
41264,1
41265,1
41266,1
41267,1
41268,1
41269,1
41270,1
41271,1
41272,1
41273,1
41274,1
41275,1
41276,1
41277,1
41278,1
41279,1
41280,1
41281,1
41282,1
41283,1
41284,1
41285,1
41286,1
41287,0
41288,0
41289,0
41290,0
41291,0
41292,1
41293,0
41294,1
41295,1
41296,0
41297,0
41298,0
41299,0
41300,0
41301,0
41302,0
41303,1
41304,1
41305,1
41306,1
41307,1
41308,1
41309,1
41310,1
41311,1
41312,1
41313,1
41314,0
41315,1
41316,1
41317,0
41318,0
41319,0
41320,0
41321,1
41322,1
41323,1
41324,1
41325,1
41326,1
41327,1
41328,1
41329,1
41330,1
41331,0
41332,1
41333,1
41334,0
41335,0
41336,1
41337,1
41338,1
41339,1
41340,1
41341,1
41342,1
41343,1
41344,1
41345,1
41346,1
41347,1
41348,1
41349,1
41350,1
41351,1
41352,1
41353,1
41354,1
41355,1
41356,1
41357,1
41358,1
41359,1
41360,1
41361,1
41362,1
41363,1
41364,1
41365,1
41366,1
41367,1
41368,1
41369,1
41370,1
41371,1
41372,1
41373,1
41374,1
41375,1
41376,1
41377,0
41378,1
41379,1
41380,1
41381,1
41382,1
41383,1
41384,1
41385,1
41386,1
41387,1
41388,0
41389,1
41390,1
41391,1
41392,1
41393,1
41394,1
41395,1
41396,1
41397,1
41398,0
41399,1
41400,0
41401,0
41402,0
41403,0
41404,0
41405,1
41406,0
41407,1
41408,0
41409,0
41410,0
41411,0
41412,0
41413,0
41414,0
41415,0
41416,1
41417,1
41418,1
41419,1
41420,1
41421,1
41422,1
41423,1
41424,0
41425,1
41426,1
41427,0
41428,0
41429,1
41430,0
41431,1
41432,1
41433,1
41434,1
41435,1
41436,1
41437,0
41438,0
41439,1
41440,1
41441,1
41442,1
41443,1
41444,0
41445,1
41446,0
41447,0
41448,0
41449,1
41450,1
41451,0
41452,0
41453,1
41454,0
41455,0
41456,1
41457,1
41458,0
41459,0
41460,0
41461,0
41462,0
41463,0
41464,1
41465,0
41466,0
41467,0
41468,0
41469,0
41470,0
41471,0
41472,0
41473,0
41474,1
41475,0
41476,0
41477,1
41478,0
41479,0
41480,1
41481,0
41482,0
41483,1
41484,1
41485,1
41486,1
41487,1
41488,1
41489,1
41490,1
41491,1
41492,1
41493,1
41494,1
41495,1
41496,1
41497,1
41498,1
41499,0
41500,1
41501,1
41502,0
41503,1
41504,1
41505,1
41506,1
41507,1
41508,1
41509,1
41510,1
41511,0
41512,0
41513,1
41514,1
41515,0
41516,0
41517,1
41518,0
41519,0
41520,1
41521,0
41522,0
41523,0
41524,0
41525,0
41526,0
41527,0
41528,1
41529,1
41530,1
41531,0
41532,1
41533,1
41534,1
41535,0
41536,1
41537,1
41538,0
41539,1
41540,1
41541,1
41542,0
41543,0
41544,0
41545,0
41546,0
41547,1
41548,1
41549,1
41550,1
41551,1
41552,1
41553,1
41554,1
41555,1
41556,0
41557,0
41558,1
41559,1
41560,0
41561,1
41562,1
41563,1
41564,1
41565,1
41566,1
41567,1
41568,1
41569,1
41570,1
41571,1
41572,1
41573,1
41574,1
41575,1
41576,1
41577,1
41578,1
41579,1
41580,1
41581,1
41582,1
41583,1
41584,1
41585,1
41586,1
41587,1
41588,1
41589,1
41590,1
41591,1
41592,1
41593,1
41594,1
41595,1
41596,1
41597,1
41598,1
41599,1
41600,1
41601,1
41602,1
41603,1
41604,1
41605,1
41606,1
41607,1
41608,1
41609,0
41610,1
41611,1
41612,1
41613,1
41614,1
41615,1
41616,1
41617,1
41618,1
41619,1
41620,0
41621,1
41622,0
41623,0
41624,1
41625,1
41626,0
41627,0
41628,0
41629,0
41630,1
41631,1
41632,0
41633,0
41634,0
41635,0
41636,0
41637,1
41638,1
41639,1
41640,1
41641,1
41642,1
41643,1
41644,1
41645,1
41646,1
41647,0
41648,1
41649,0
41650,0
41651,0
41652,0
41653,0
41654,1
41655,0
41656,0
41657,0
41658,0
41659,0
41660,0
41661,1
41662,1
41663,1
41664,1
41665,1
41666,1
41667,0
41668,0
41669,0
41670,0
41671,1
41672,0
41673,1
41674,1
41675,0
41676,0
41677,0
41678,1
41679,1
41680,1
41681,1
41682,1
41683,1
41684,1
41685,1
41686,0
41687,0
41688,0
41689,0
41690,0
41691,0
41692,0
41693,0
41694,0
41695,0
41696,1
41697,1
41698,1
41699,1
41700,1
41701,1
41702,1
41703,0
41704,0
41705,1
41706,1
41707,1
41708,1
41709,1
41710,1
41711,1
41712,1
41713,1
41714,1
41715,1
41716,1
41717,1
41718,1
41719,1
41720,1
41721,1
41722,1
41723,1
41724,1
41725,0
41726,1
41727,0
41728,1
41729,1
41730,1
41731,1
41732,0
41733,0
41734,1
41735,1
41736,1
41737,1
41738,1
41739,1
41740,1
41741,0
41742,0
41743,0
41744,0
41745,0
41746,1
41747,0
41748,0
41749,0
41750,0
41751,0
41752,0
41753,1
41754,1
41755,1
41756,1
41757,1
41758,1
41759,1
41760,1
41761,1
41762,0
41763,0
41764,0
41765,1
41766,1
41767,1
41768,0
41769,0
41770,0
41771,1
41772,1
41773,1
41774,1
41775,1
41776,1
41777,0
41778,1
41779,1
41780,1
41781,0
41782,1
41783,1
41784,1
41785,1
41786,1
41787,1
41788,1
41789,1
41790,1
41791,1
41792,1
41793,1
41794,1
41795,1
41796,1
41797,1
41798,1
41799,1
41800,1
41801,1
41802,1
41803,1
41804,1
41805,1
41806,1
41807,1
41808,1
41809,1
41810,1
41811,1
41812,1
41813,1
41814,1
41815,1
41816,1
41817,1
41818,1
41819,1
41820,1
41821,1
41822,1
41823,1
41824,1
41825,1
41826,1
41827,0
41828,1
41829,1
41830,1
41831,1
41832,0
41833,1
41834,1
41835,1
41836,1
41837,1
41838,1
41839,1
41840,1
41841,1
41842,1
41843,1
41844,0
41845,0
41846,1
41847,0
41848,0
41849,1
41850,0
41851,1
41852,0
41853,0
41854,0
41855,0
41856,0
41857,0
41858,0
41859,0
41860,0
41861,0
41862,1
41863,0
41864,0
41865,0
41866,0
41867,1
41868,1
41869,1
41870,1
41871,1
41872,1
41873,1
41874,0
41875,0
41876,0
41877,0
41878,1
41879,1
41880,0
41881,0
41882,0
41883,0
41884,0
41885,0
41886,0
41887,1
41888,0
41889,1
41890,1
41891,1
41892,0
41893,0
41894,0
41895,0
41896,0
41897,0
41898,1
41899,0
41900,1
41901,0
41902,0
41903,1
41904,1
41905,1
41906,1
41907,1
41908,1
41909,1
41910,0
41911,0
41912,0
41913,0
41914,0
41915,0
41916,0
41917,0
41918,0
41919,0
41920,1
41921,1
41922,1
41923,1
41924,1
41925,1
41926,1
41927,1
41928,0
41929,0
41930,0
41931,1
41932,1
41933,1
41934,1
41935,1
41936,1
41937,1
41938,1
41939,1
41940,1
41941,1
41942,1
41943,1
41944,1
41945,1
41946,1
41947,1
41948,1
41949,1
41950,1
41951,1
41952,1
41953,1
41954,1
41955,1
41956,1
41957,0
41958,0
41959,0
41960,1
41961,0
41962,1
41963,1
41964,1
41965,1
41966,1
41967,1
41968,0
41969,0
41970,0
41971,1
41972,0
41973,0
41974,0
41975,0
41976,0
41977,0
41978,1
41979,1
41980,1
41981,1
41982,1
41983,0
41984,0
41985,1
41986,1
41987,1
41988,1
41989,0
41990,0
41991,1
41992,1
41993,1
41994,0
41995,0
41996,0
41997,1
41998,1
41999,1
42000,0
42001,0
42002,1
42003,1
42004,1
42005,1
42006,1
42007,1
42008,0
42009,1
42010,1
42011,0
42012,0
42013,1
42014,1
42015,1
42016,1
42017,1
42018,1
42019,1
42020,1
42021,1
42022,1
42023,1
42024,1
42025,1
42026,1
42027,1
42028,1
42029,1
42030,1
42031,1
42032,1
42033,1
42034,1
42035,1
42036,1
42037,1
42038,1
42039,1
42040,1
42041,1
42042,1
42043,1
42044,1
42045,1
42046,1
42047,1
42048,1
42049,1
42050,1
42051,1
42052,1
42053,1
42054,1
42055,1
42056,1
42057,1
42058,1
42059,1
42060,1
42061,1
42062,1
42063,1
42064,1
42065,0
42066,0
42067,0
42068,1
42069,1
42070,1
42071,0
42072,1
42073,0
42074,1
42075,1
42076,0
42077,0
42078,0
42079,0
42080,0
42081,0
42082,1
42083,1
42084,0
42085,0
42086,1
42087,0
42088,1
42089,1
42090,0
42091,0
42092,1
42093,1
42094,1
42095,1
42096,1
42097,1
42098,1
42099,1
42100,1
42101,0
42102,0
42103,1
42104,0
42105,0
42106,0
42107,0
42108,1
42109,0
42110,1
42111,1
42112,1
42113,1
42114,1
42115,1
42116,0
42117,0
42118,0
42119,0
42120,1
42121,1
42122,1
42123,0
42124,0
42125,0
42126,0
42127,0
42128,1
42129,1
42130,1
42131,1
42132,1
42133,1
42134,1
42135,0
42136,0
42137,1
42138,1
42139,0
42140,0
42141,0
42142,0
42143,0
42144,0
42145,1
42146,1
42147,1
42148,0
42149,0
42150,0
42151,1
42152,1
42153,0
42154,0
42155,0
42156,0
42157,1
42158,1
42159,1
42160,1
42161,1
42162,1
42163,1
42164,1
42165,1
42166,1
42167,1
42168,1
42169,1
42170,1
42171,1
42172,1
42173,1
42174,1
42175,1
42176,0
42177,1
42178,1
42179,1
42180,0
42181,0
42182,0
42183,0
42184,0
42185,0
42186,1
42187,1
42188,1
42189,1
42190,0
42191,0
42192,0
42193,0
42194,0
42195,1
42196,1
42197,0
42198,0
42199,0
42200,0
42201,0
42202,0
42203,1
42204,1
42205,1
42206,1
42207,1
42208,0
42209,0
42210,0
42211,1
42212,1
42213,1
42214,1
42215,1
42216,1
42217,1
42218,1
42219,0
42220,1
42221,0
42222,1
42223,1
42224,1
42225,1
42226,1
42227,1
42228,1
42229,1
42230,1
42231,1
42232,1
42233,1
42234,1
42235,1
42236,0
42237,1
42238,1
42239,1
42240,1
42241,1
42242,1
42243,1
42244,1
42245,1
42246,1
42247,1
42248,1
42249,1
42250,1
42251,1
42252,1
42253,1
42254,1
42255,1
42256,1
42257,1
42258,1
42259,1
42260,1
42261,1
42262,1
42263,1
42264,1
42265,1
42266,1
42267,1
42268,1
42269,1
42270,1
42271,1
42272,1
42273,1
42274,1
42275,1
42276,1
42277,1
42278,1
42279,1
42280,1
42281,1
42282,1
42283,1
42284,1
42285,1
42286,1
42287,1
42288,1
42289,1
42290,1
42291,0
42292,0
42293,1
42294,1
42295,0
42296,1
42297,0
42298,0
42299,1
42300,0
42301,0
42302,0
42303,1
42304,0
42305,0
42306,0
42307,0
42308,1
42309,1
42310,1
42311,0
42312,0
42313,1
42314,1
42315,1
42316,1
42317,1
42318,1
42319,1
42320,1
42321,0
42322,0
42323,1
42324,1
42325,1
42326,1
42327,0
42328,1
42329,1
42330,0
42331,0
42332,1
42333,1
42334,1
42335,1
42336,1
42337,1
42338,1
42339,1
42340,1
42341,0
42342,0
42343,0
42344,0
42345,1
42346,1
42347,0
42348,1
42349,0
42350,0
42351,0
42352,1
42353,1
42354,1
42355,1
42356,1
42357,1
42358,1
42359,0
42360,0
42361,1
42362,0
42363,1
42364,0
42365,0
42366,0
42367,0
42368,0
42369,0
42370,1
42371,1
42372,0
42373,0
42374,0
42375,0
42376,0
42377,1
42378,1
42379,1
42380,1
42381,1
42382,1
42383,1
42384,1
42385,1
42386,1
42387,1
42388,1
42389,1
42390,1
42391,1
42392,1
42393,1
42394,1
42395,0
42396,1
42397,1
42398,1
42399,0
42400,1
42401,1
42402,0
42403,0
42404,0
42405,0
42406,0
42407,1
42408,1
42409,1
42410,1
42411,0
42412,0
42413,1
42414,1
42415,0
42416,0
42417,1
42418,1
42419,0
42420,1
42421,1
42422,1
42423,0
42424,0
42425,0
42426,0
42427,0
42428,0
42429,1
42430,1
42431,1
42432,1
42433,0
42434,0
42435,0
42436,0
42437,1
42438,1
42439,0
42440,1
42441,0
42442,0
42443,0
42444,0
42445,1
42446,1
42447,1
42448,1
42449,1
42450,1
42451,1
42452,1
42453,0
42454,1
42455,1
42456,1
42457,1
42458,0
42459,1
42460,1
42461,1
42462,1
42463,1
42464,1
42465,1
42466,1
42467,1
42468,1
42469,1
42470,1
42471,1
42472,1
42473,1
42474,1
42475,1
42476,1
42477,1
42478,1
42479,1
42480,1
42481,1
42482,1
42483,1
42484,1
42485,1
42486,1
42487,1
42488,1
42489,1
42490,1
42491,1
42492,1
42493,1
42494,1
42495,1
42496,1
42497,1
42498,1
42499,1
42500,1
42501,1
42502,1
42503,1
42504,1
42505,1
42506,1
42507,1
42508,1
42509,1
42510,1
42511,1
42512,1
42513,1
42514,1
42515,1
42516,1
42517,0
42518,1
42519,0
42520,0
42521,0
42522,1
42523,1
42524,1
42525,0
42526,0
42527,0
42528,0
42529,0
42530,0
42531,0
42532,1
42533,1
42534,1
42535,0
42536,0
42537,0
42538,1
42539,1
42540,1
42541,1
42542,1
42543,0
42544,1
42545,1
42546,1
42547,1
42548,0
42549,0
42550,1
42551,1
42552,0
42553,1
42554,0
42555,0
42556,0
42557,1
42558,1
42559,1
42560,1
42561,1
42562,1
42563,0
42564,0
42565,1
42566,0
42567,0
42568,0
42569,0
42570,0
42571,1
42572,1
42573,1
42574,1
42575,0
42576,1
42577,0
42578,0
42579,0
42580,0
42581,0
42582,0
42583,1
42584,1
42585,0
42586,1
42587,1
42588,1
42589,0
42590,1
42591,0
42592,0
42593,0
42594,0
42595,0
42596,0
42597,1
42598,0
42599,0
42600,0
42601,0
42602,1
42603,1
42604,1
42605,1
42606,1
42607,1
42608,1
42609,1
42610,1
42611,1
42612,1
42613,1
42614,1
42615,1
42616,1
42617,1
42618,1
42619,1
42620,1
42621,1
42622,1
42623,1
42624,1
42625,1
42626,0
42627,0
42628,0
42629,0
42630,0
42631,1
42632,1
42633,1
42634,1
42635,1
42636,0
42637,0
42638,0
42639,0
42640,0
42641,1
42642,1
42643,0
42644,1
42645,1
42646,1
42647,1
42648,1
42649,1
42650,1
42651,0
42652,0
42653,0
42654,0
42655,0
42656,1
42657,1
42658,0
42659,0
42660,0
42661,1
42662,1
42663,1
42664,1
42665,1
42666,1
42667,1
42668,0
42669,1
42670,1
42671,1
42672,1
42673,1
42674,1
42675,1
42676,0
42677,0
42678,0
42679,0
42680,1
42681,1
42682,1
42683,0
42684,1
42685,1
42686,1
42687,1
42688,1
42689,1
42690,1
42691,1
42692,1
42693,1
42694,1
42695,1
42696,1
42697,1
42698,1
42699,1
42700,1
42701,1
42702,1
42703,1
42704,1
42705,1
42706,1
42707,1
42708,1
42709,1
42710,1
42711,1
42712,1
42713,1
42714,1
42715,1
42716,1
42717,1
42718,1
42719,1
42720,1
42721,1
42722,1
42723,1
42724,1
42725,1
42726,1
42727,1
42728,1
42729,1
42730,1
42731,1
42732,1
42733,1
42734,1
42735,1
42736,1
42737,1
42738,1
42739,1
42740,1
42741,1
42742,1
42743,1
42744,1
42745,1
42746,1
42747,1
42748,1
42749,1
42750,1
42751,0
42752,0
42753,0
42754,0
42755,0
42756,0
42757,0
42758,1
42759,1
42760,1
42761,0
42762,0
42763,1
42764,1
42765,1
42766,1
42767,1
42768,0
42769,1
42770,1
42771,1
42772,1
42773,0
42774,0
42775,1
42776,0
42777,0
42778,0
42779,1
42780,0
42781,0
42782,1
42783,1
42784,1
42785,0
42786,0
42787,0
42788,0
42789,0
42790,0
42791,0
42792,0
42793,1
42794,0
42795,0
42796,1
42797,1
42798,1
42799,1
42800,0
42801,0
42802,0
42803,1
42804,0
42805,0
42806,0
42807,0
42808,0
42809,1
42810,0
42811,1
42812,1
42813,1
42814,1
42815,1
42816,0
42817,0
42818,0
42819,0
42820,0
42821,1
42822,1
42823,0
42824,0
42825,0
42826,0
42827,1
42828,1
42829,1
42830,1
42831,1
42832,1
42833,1
42834,1
42835,1
42836,1
42837,1
42838,1
42839,1
42840,1
42841,1
42842,1
42843,1
42844,1
42845,1
42846,1
42847,1
42848,1
42849,1
42850,1
42851,1
42852,0
42853,1
42854,1
42855,1
42856,1
42857,1
42858,1
42859,0
42860,1
42861,0
42862,0
42863,0
42864,1
42865,1
42866,1
42867,1
42868,0
42869,1
42870,1
42871,1
42872,1
42873,1
42874,1
42875,1
42876,0
42877,0
42878,0
42879,0
42880,0
42881,1
42882,0
42883,0
42884,0
42885,0
42886,1
42887,0
42888,1
42889,0
42890,1
42891,1
42892,1
42893,1
42894,0
42895,1
42896,1
42897,1
42898,0
42899,1
42900,1
42901,0
42902,1
42903,1
42904,1
42905,1
42906,1
42907,1
42908,1
42909,1
42910,1
42911,1
42912,0
42913,1
42914,1
42915,1
42916,1
42917,1
42918,1
42919,1
42920,1
42921,1
42922,1
42923,1
42924,1
42925,1
42926,1
42927,1
42928,1
42929,1
42930,1
42931,1
42932,1
42933,1
42934,1
42935,0
42936,1
42937,1
42938,1
42939,1
42940,1
42941,1
42942,1
42943,1
42944,1
42945,1
42946,1
42947,1
42948,1
42949,1
42950,1
42951,1
42952,1
42953,1
42954,1
42955,1
42956,0
42957,1
42958,1
42959,1
42960,0
42961,1
42962,1
42963,1
42964,1
42965,1
42966,1
42967,1
42968,1
42969,1
42970,1
42971,1
42972,0
42973,1
42974,1
42975,1
42976,0
42977,0
42978,0
42979,0
42980,0
42981,1
42982,0
42983,0
42984,1
42985,1
42986,1
42987,0
42988,0
42989,0
42990,1
42991,1
42992,1
42993,1
42994,0
42995,1
42996,1
42997,1
42998,1
42999,1
43000,0
43001,0
43002,0
43003,0
43004,1
43005,0
43006,0
43007,0
43008,1
43009,1
43010,0
43011,0
43012,0
43013,0
43014,0
43015,0
43016,0
43017,1
43018,1
43019,1
43020,0
43021,0
43022,1
43023,0
43024,1
43025,1
43026,0
43027,0
43028,0
43029,0
43030,0
43031,0
43032,0
43033,1
43034,0
43035,0
43036,0
43037,0
43038,1
43039,0
43040,0
43041,0
43042,0
43043,0
43044,0
43045,0
43046,0
43047,0
43048,1
43049,1
43050,1
43051,1
43052,1
43053,1
43054,1
43055,1
43056,1
43057,1
43058,1
43059,1
43060,1
43061,1
43062,1
43063,1
43064,1
43065,1
43066,1
43067,1
43068,1
43069,1
43070,1
43071,1
43072,1
43073,1
43074,1
43075,1
43076,1
43077,1
43078,1
43079,1
43080,1
43081,1
43082,1
43083,1
43084,1
43085,1
43086,1
43087,1
43088,0
43089,0
43090,0
43091,0
43092,1
43093,0
43094,0
43095,0
43096,0
43097,1
43098,1
43099,1
43100,1
43101,0
43102,0
43103,0
43104,0
43105,0
43106,0
43107,0
43108,0
43109,0
43110,0
43111,1
43112,1
43113,1
43114,1
43115,1
43116,1
43117,1
43118,1
43119,1
43120,0
43121,1
43122,1
43123,1
43124,0
43125,0
43126,1
43127,1
43128,1
43129,1
43130,1
43131,1
43132,1
43133,1
43134,1
43135,1
43136,1
43137,1
43138,1
43139,1
43140,1
43141,1
43142,1
43143,1
43144,1
43145,1
43146,1
43147,1
43148,1
43149,1
43150,1
43151,1
43152,1
43153,1
43154,1
43155,1
43156,1
43157,1
43158,1
43159,1
43160,1
43161,1
43162,1
43163,1
43164,1
43165,1
43166,1
43167,1
43168,1
43169,1
43170,1
43171,1
43172,1
43173,1
43174,1
43175,1
43176,1
43177,1
43178,1
43179,0
43180,1
43181,1
43182,1
43183,1
43184,0
43185,1
43186,1
43187,1
43188,1
43189,1
43190,1
43191,1
43192,1
43193,1
43194,1
43195,1
43196,0
43197,1
43198,1
43199,0
43200,0
43201,0
43202,0
43203,0
43204,0
43205,0
43206,0
43207,0
43208,0
43209,1
43210,1
43211,0
43212,0
43213,0
43214,0
43215,0
43216,0
43217,0
43218,0
43219,0
43220,0
43221,0
43222,0
43223,0
43224,0
43225,1
43226,0
43227,1
43228,0
43229,1
43230,1
43231,0
43232,0
43233,1
43234,0
43235,0
43236,0
43237,0
43238,0
43239,0
43240,0
43241,0
43242,1
43243,0
43244,0
43245,0
43246,0
43247,0
43248,0
43249,0
43250,0
43251,0
43252,0
43253,1
43254,0
43255,0
43256,0
43257,0
43258,0
43259,0
43260,0
43261,0
43262,0
43263,0
43264,0
43265,0
43266,0
43267,1
43268,0
43269,0
43270,0
43271,0
43272,0
43273,0
43274,1
43275,1
43276,1
43277,1
43278,1
43279,1
43280,1
43281,1
43282,0
43283,0
43284,0
43285,0
43286,1
43287,1
43288,1
43289,1
43290,1
43291,1
43292,1
43293,1
43294,1
43295,1
43296,0
43297,1
43298,1
43299,1
43300,1
43301,1
43302,1
43303,1
43304,1
43305,1
43306,1
43307,1
43308,1
43309,1
43310,0
43311,0
43312,0
43313,0
43314,0
43315,0
43316,0
43317,0
43318,0
43319,1
43320,1
43321,1
43322,1
43323,1
43324,1
43325,1
43326,0
43327,0
43328,0
43329,0
43330,0
43331,0
43332,1
43333,0
43334,0
43335,1
43336,1
43337,1
43338,1
43339,1
43340,1
43341,1
43342,1
43343,1
43344,0
43345,0
43346,1
43347,1
43348,1
43349,0
43350,1
43351,0
43352,0
43353,0
43354,0
43355,1
43356,0
43357,1
43358,1
43359,1
43360,1
43361,1
43362,1
43363,1
43364,1
43365,0
43366,1
43367,1
43368,1
43369,1
43370,1
43371,1
43372,1
43373,1
43374,1
43375,1
43376,1
43377,1
43378,1
43379,1
43380,1
43381,1
43382,1
43383,1
43384,1
43385,0
43386,1
43387,1
43388,1
43389,1
43390,1
43391,1
43392,1
43393,1
43394,1
43395,1
43396,1
43397,1
43398,1
43399,1
43400,0
43401,1
43402,1
43403,1
43404,1
43405,1
43406,1
43407,1
43408,1
43409,1
43410,1
43411,1
43412,1
43413,1
43414,1
43415,1
43416,1
43417,1
43418,1
43419,1
43420,1
43421,1
43422,1
43423,1
43424,1
43425,1
43426,0
43427,0
43428,0
43429,0
43430,0
43431,0
43432,0
43433,0
43434,1
43435,0
43436,0
43437,0
43438,0
43439,0
43440,0
43441,0
43442,0
43443,0
43444,1
43445,1
43446,0
43447,0
43448,0
43449,1
43450,0
43451,0
43452,1
43453,0
43454,1
43455,1
43456,0
43457,0
43458,0
43459,0
43460,0
43461,0
43462,0
43463,0
43464,0
43465,0
43466,1
43467,1
43468,1
43469,0
43470,0
43471,0
43472,1
43473,0
43474,1
43475,0
43476,0
43477,0
43478,1
43479,0
43480,0
43481,0
43482,0
43483,0
43484,0
43485,0
43486,0
43487,0
43488,0
43489,0
43490,1
43491,1
43492,1
43493,1
43494,1
43495,0
43496,0
43497,0
43498,1
43499,1
43500,1
43501,1
43502,1
43503,1
43504,0
43505,0
43506,0
43507,0
43508,0
43509,0
43510,0
43511,1
43512,1
43513,1
43514,1
43515,1
43516,1
43517,1
43518,1
43519,1
43520,1
43521,1
43522,1
43523,1
43524,0
43525,1
43526,1
43527,1
43528,1
43529,1
43530,1
43531,1
43532,1
43533,1
43534,1
43535,1
43536,0
43537,0
43538,1
43539,0
43540,0
43541,0
43542,0
43543,1
43544,1
43545,0
43546,1
43547,1
43548,1
43549,1
43550,1
43551,0
43552,0
43553,1
43554,1
43555,0
43556,0
43557,0
43558,1
43559,1
43560,1
43561,1
43562,1
43563,1
43564,1
43565,1
43566,1
43567,1
43568,1
43569,0
43570,1
43571,0
43572,0
43573,0
43574,1
43575,1
43576,1
43577,0
43578,0
43579,0
43580,1
43581,1
43582,0
43583,1
43584,0
43585,0
43586,1
43587,1
43588,0
43589,1
43590,0
43591,1
43592,1
43593,1
43594,1
43595,1
43596,1
43597,1
43598,1
43599,1
43600,1
43601,1
43602,1
43603,1
43604,1
43605,1
43606,1
43607,1
43608,1
43609,1
43610,1
43611,1
43612,0
43613,1
43614,1
43615,1
43616,1
43617,1
43618,1
43619,1
43620,1
43621,1
43622,1
43623,1
43624,0
43625,1
43626,1
43627,1
43628,1
43629,1
43630,1
43631,1
43632,1
43633,1
43634,1
43635,0
43636,1
43637,0
43638,1
43639,1
43640,1
43641,1
43642,1
43643,1
43644,1
43645,1
43646,1
43647,1
43648,1
43649,1
43650,1
43651,0
43652,0
43653,0
43654,0
43655,0
43656,1
43657,1
43658,1
43659,1
43660,0
43661,1
43662,0
43663,0
43664,1
43665,1
43666,1
43667,1
43668,1
43669,1
43670,1
43671,1
43672,1
43673,1
43674,1
43675,1
43676,1
43677,1
43678,1
43679,0
43680,1
43681,1
43682,0
43683,1
43684,0
43685,0
43686,1
43687,1
43688,0
43689,0
43690,0
43691,0
43692,1
43693,1
43694,1
43695,0
43696,0
43697,0
43698,1
43699,1
43700,0
43701,0
43702,0
43703,1
43704,1
43705,0
43706,0
43707,0
43708,0
43709,0
43710,0
43711,0
43712,0
43713,0
43714,0
43715,0
43716,0
43717,0
43718,0
43719,0
43720,0
43721,0
43722,0
43723,1
43724,1
43725,1
43726,1
43727,1
43728,1
43729,0
43730,0
43731,0
43732,0
43733,0
43734,1
43735,1
43736,1
43737,1
43738,1
43739,1
43740,1
43741,1
43742,1
43743,1
43744,1
43745,1
43746,1
43747,0
43748,1
43749,1
43750,1
43751,1
43752,1
43753,1
43754,1
43755,1
43756,1
43757,1
43758,1
43759,1
43760,1
43761,0
43762,0
43763,0
43764,0
43765,0
43766,0
43767,0
43768,1
43769,1
43770,0
43771,1
43772,1
43773,1
43774,1
43775,1
43776,1
43777,0
43778,0
43779,0
43780,1
43781,0
43782,0
43783,1
43784,1
43785,1
43786,1
43787,1
43788,1
43789,1
43790,1
43791,0
43792,0
43793,1
43794,1
43795,1
43796,1
43797,1
43798,0
43799,1
43800,1
43801,1
43802,1
43803,1
43804,0
43805,0
43806,0
43807,1
43808,1
43809,1
43810,0
43811,1
43812,1
43813,0
43814,1
43815,1
43816,1
43817,0
43818,1
43819,1
43820,1
43821,1
43822,1
43823,1
43824,1
43825,1
43826,1
43827,1
43828,1
43829,1
43830,1
43831,1
43832,1
43833,1
43834,1
43835,1
43836,1
43837,1
43838,1
43839,1
43840,1
43841,1
43842,1
43843,1
43844,1
43845,1
43846,1
43847,1
43848,1
43849,1
43850,1
43851,0
43852,1
43853,1
43854,1
43855,1
43856,1
43857,1
43858,1
43859,1
43860,0
43861,1
43862,1
43863,1
43864,1
43865,1
43866,1
43867,1
43868,1
43869,1
43870,1
43871,1
43872,1
43873,1
43874,1
43875,1
43876,0
43877,0
43878,0
43879,0
43880,0
43881,1
43882,1
43883,0
43884,1
43885,1
43886,0
43887,0
43888,0
43889,1
43890,1
43891,1
43892,1
43893,1
43894,0
43895,0
43896,1
43897,1
43898,0
43899,1
43900,1
43901,1
43902,0
43903,1
43904,1
43905,0
43906,0
43907,1
43908,1
43909,1
43910,0
43911,1
43912,1
43913,1
43914,0
43915,0
43916,0
43917,1
43918,1
43919,1
43920,0
43921,0
43922,1
43923,1
43924,1
43925,0
43926,0
43927,0
43928,1
43929,0
43930,0
43931,0
43932,0
43933,0
43934,0
43935,0
43936,0
43937,0
43938,0
43939,0
43940,0
43941,0
43942,0
43943,0
43944,1
43945,0
43946,0
43947,1
43948,1
43949,1
43950,1
43951,1
43952,1
43953,1
43954,1
43955,1
43956,1
43957,1
43958,1
43959,1
43960,1
43961,1
43962,1
43963,1
43964,1
43965,1
43966,1
43967,1
43968,1
43969,1
43970,0
43971,0
43972,0
43973,1
43974,1
43975,1
43976,1
43977,1
43978,1
43979,1
43980,1
43981,1
43982,0
43983,1
43984,0
43985,1
43986,0
43987,0
43988,0
43989,0
43990,0
43991,0
43992,1
43993,1
43994,1
43995,1
43996,1
43997,1
43998,1
43999,1
44000,1
44001,1
44002,0
44003,0
44004,0
44005,1
44006,1
44007,0
44008,0
44009,1
44010,0
44011,1
44012,1
44013,1
44014,1
44015,1
44016,1
44017,0
44018,0
44019,1
44020,1
44021,1
44022,1
44023,0
44024,1
44025,1
44026,1
44027,1
44028,1
44029,1
44030,1
44031,1
44032,1
44033,1
44034,1
44035,1
44036,1
44037,1
44038,1
44039,1
44040,1
44041,1
44042,1
44043,1
44044,1
44045,1
44046,1
44047,1
44048,1
44049,1
44050,1
44051,1
44052,1
44053,1
44054,1
44055,1
44056,1
44057,1
44058,1
44059,1
44060,1
44061,1
44062,0
44063,0
44064,1
44065,1
44066,1
44067,1
44068,1
44069,1
44070,1
44071,1
44072,1
44073,1
44074,1
44075,1
44076,1
44077,1
44078,1
44079,1
44080,1
44081,1
44082,1
44083,1
44084,1
44085,1
44086,1
44087,1
44088,1
44089,1
44090,1
44091,1
44092,1
44093,1
44094,1
44095,1
44096,1
44097,1
44098,1
44099,1
44100,1
44101,0
44102,0
44103,0
44104,0
44105,0
44106,1
44107,0
44108,0
44109,1
44110,1
44111,0
44112,0
44113,1
44114,1
44115,1
44116,1
44117,1
44118,1
44119,1
44120,0
44121,0
44122,1
44123,1
44124,1
44125,1
44126,1
44127,1
44128,1
44129,0
44130,1
44131,1
44132,1
44133,1
44134,1
44135,1
44136,1
44137,1
44138,1
44139,0
44140,0
44141,1
44142,1
44143,1
44144,1
44145,1
44146,0
44147,0
44148,0
44149,1
44150,1
44151,0
44152,0
44153,1
44154,1
44155,0
44156,0
44157,0
44158,0
44159,0
44160,0
44161,0
44162,0
44163,0
44164,0
44165,0
44166,0
44167,0
44168,0
44169,0
44170,0
44171,1
44172,0
44173,0
44174,1
44175,0
44176,0
44177,1
44178,1
44179,1
44180,1
44181,1
44182,1
44183,1
44184,1
44185,1
44186,1
44187,1
44188,1
44189,1
44190,1
44191,1
44192,1
44193,1
44194,1
44195,1
44196,1
44197,1
44198,1
44199,1
44200,1
44201,1
44202,1
44203,1
44204,1
44205,0
44206,0
44207,0
44208,1
44209,1
44210,1
44211,1
44212,0
44213,0
44214,0
44215,0
44216,0
44217,0
44218,1
44219,1
44220,1
44221,1
44222,1
44223,0
44224,1
44225,1
44226,1
44227,1
44228,1
44229,1
44230,0
44231,1
44232,0
44233,0
44234,0
44235,1
44236,1
44237,1
44238,0
44239,0
44240,0
44241,0
44242,0
44243,0
44244,0
44245,1
44246,1
44247,1
44248,1
44249,0
44250,1
44251,0
44252,1
44253,0
44254,0
44255,1
44256,1
44257,1
44258,1
44259,1
44260,1
44261,1
44262,1
44263,1
44264,1
44265,1
44266,1
44267,1
44268,1
44269,1
44270,1
44271,1
44272,1
44273,1
44274,1
44275,1
44276,1
44277,1
44278,1
44279,1
44280,1
44281,1
44282,1
44283,1
44284,1
44285,1
44286,1
44287,1
44288,1
44289,1
44290,1
44291,1
44292,1
44293,1
44294,1
44295,1
44296,1
44297,1
44298,1
44299,1
44300,1
44301,1
44302,0
44303,1
44304,1
44305,0
44306,1
44307,1
44308,1
44309,1
44310,1
44311,1
44312,1
44313,1
44314,1
44315,0
44316,1
44317,1
44318,1
44319,1
44320,1
44321,1
44322,1
44323,1
44324,1
44325,1
44326,0
44327,1
44328,0
44329,1
44330,0
44331,0
44332,0
44333,1
44334,0
44335,0
44336,0
44337,0
44338,1
44339,1
44340,1
44341,1
44342,1
44343,1
44344,1
44345,1
44346,0
44347,1
44348,1
44349,1
44350,0
44351,1
44352,1
44353,0
44354,1
44355,0
44356,1
44357,1
44358,1
44359,1
44360,1
44361,1
44362,1
44363,0
44364,0
44365,0
44366,0
44367,0
44368,0
44369,1
44370,0
44371,0
44372,0
44373,0
44374,0
44375,0
44376,0
44377,1
44378,1
44379,0
44380,0
44381,0
44382,0
44383,0
44384,0
44385,0
44386,0
44387,0
44388,0
44389,0
44390,0
44391,0
44392,0
44393,0
44394,1
44395,1
44396,0
44397,0
44398,0
44399,1
44400,1
44401,1
44402,1
44403,1
44404,1
44405,1
44406,1
44407,1
44408,1
44409,1
44410,1
44411,1
44412,1
44413,1
44414,1
44415,1
44416,1
44417,1
44418,1
44419,1
44420,1
44421,1
44422,0
44423,1
44424,1
44425,1
44426,1
44427,1
44428,1
44429,0
44430,0
44431,0
44432,0
44433,0
44434,1
44435,1
44436,1
44437,1
44438,1
44439,1
44440,1
44441,1
44442,1
44443,1
44444,0
44445,1
44446,1
44447,1
44448,1
44449,0
44450,1
44451,0
44452,1
44453,0
44454,1
44455,0
44456,0
44457,0
44458,0
44459,0
44460,1
44461,1
44462,1
44463,1
44464,0
44465,0
44466,0
44467,0
44468,0
44469,0
44470,1
44471,1
44472,1
44473,1
44474,0
44475,1
44476,1
44477,0
44478,0
44479,1
44480,1
44481,1
44482,1
44483,1
44484,1
44485,1
44486,1
44487,1
44488,1
44489,1
44490,1
44491,1
44492,1
44493,0
44494,1
44495,1
44496,1
44497,0
44498,1
44499,1
44500,1
44501,1
44502,1
44503,1
44504,1
44505,1
44506,1
44507,0
44508,1
44509,1
44510,1
44511,1
44512,1
44513,1
44514,1
44515,1
44516,1
44517,1
44518,1
44519,1
44520,1
44521,1
44522,1
44523,1
44524,1
44525,1
44526,1
44527,1
44528,1
44529,1
44530,1
44531,1
44532,0
44533,1
44534,1
44535,1
44536,1
44537,0
44538,1
44539,1
44540,1
44541,1
44542,1
44543,1
44544,1
44545,1
44546,1
44547,1
44548,1
44549,0
44550,1
44551,0
44552,0
44553,0
44554,1
44555,1
44556,0
44557,1
44558,1
44559,1
44560,1
44561,0
44562,1
44563,1
44564,0
44565,1
44566,1
44567,1
44568,1
44569,1
44570,1
44571,1
44572,0
44573,0
44574,1
44575,1
44576,1
44577,1
44578,0
44579,1
44580,1
44581,1
44582,1
44583,0
44584,1
44585,1
44586,0
44587,1
44588,0
44589,0
44590,0
44591,1
44592,0
44593,0
44594,0
44595,0
44596,0
44597,0
44598,1
44599,0
44600,0
44601,0
44602,0
44603,1
44604,0
44605,0
44606,0
44607,0
44608,0
44609,1
44610,0
44611,0
44612,0
44613,0
44614,0
44615,0
44616,0
44617,0
44618,0
44619,1
44620,0
44621,1
44622,0
44623,0
44624,0
44625,1
44626,1
44627,1
44628,1
44629,0
44630,0
44631,0
44632,1
44633,1
44634,1
44635,1
44636,1
44637,1
44638,1
44639,1
44640,1
44641,1
44642,0
44643,0
44644,1
44645,1
44646,1
44647,1
44648,1
44649,1
44650,1
44651,1
44652,1
44653,1
44654,0
44655,0
44656,0
44657,0
44658,0
44659,1
44660,1
44661,1
44662,1
44663,0
44664,0
44665,1
44666,0
44667,0
44668,1
44669,0
44670,1
44671,1
44672,0
44673,1
44674,1
44675,0
44676,0
44677,0
44678,0
44679,1
44680,0
44681,0
44682,0
44683,0
44684,0
44685,0
44686,1
44687,1
44688,1
44689,0
44690,1
44691,0
44692,0
44693,0
44694,0
44695,1
44696,1
44697,1
44698,1
44699,0
44700,1
44701,1
44702,1
44703,1
44704,1
44705,0
44706,1
44707,0
44708,1
44709,1
44710,1
44711,1
44712,1
44713,1
44714,0
44715,1
44716,1
44717,1
44718,1
44719,1
44720,1
44721,1
44722,1
44723,1
44724,1
44725,1
44726,1
44727,1
44728,1
44729,1
44730,1
44731,1
44732,1
44733,1
44734,1
44735,1
44736,1
44737,1
44738,1
44739,1
44740,1
44741,1
44742,1
44743,0
44744,1
44745,1
44746,1
44747,1
44748,1
44749,1
44750,1
44751,1
44752,1
44753,1
44754,1
44755,1
44756,1
44757,1
44758,1
44759,1
44760,1
44761,1
44762,1
44763,1
44764,1
44765,1
44766,1
44767,1
44768,1
44769,1
44770,1
44771,1
44772,1
44773,1
44774,1
44775,0
44776,0
44777,0
44778,0
44779,0
44780,1
44781,1
44782,1
44783,1
44784,1
44785,1
44786,0
44787,0
44788,0
44789,1
44790,1
44791,1
44792,1
44793,1
44794,1
44795,1
44796,0
44797,1
44798,0
44799,1
44800,1
44801,1
44802,1
44803,0
44804,0
44805,1
44806,1
44807,0
44808,1
44809,0
44810,0
44811,0
44812,0
44813,1
44814,0
44815,1
44816,0
44817,0
44818,0
44819,0
44820,0
44821,1
44822,0
44823,1
44824,1
44825,1
44826,0
44827,0
44828,0
44829,0
44830,0
44831,0
44832,0
44833,0
44834,1
44835,0
44836,0
44837,0
44838,0
44839,0
44840,0
44841,0
44842,0
44843,0
44844,0
44845,1
44846,1
44847,0
44848,0
44849,1
44850,1
44851,1
44852,1
44853,1
44854,0
44855,1
44856,1
44857,1
44858,1
44859,1
44860,1
44861,1
44862,1
44863,1
44864,1
44865,1
44866,1
44867,0
44868,1
44869,1
44870,1
44871,1
44872,1
44873,1
44874,1
44875,1
44876,1
44877,1
44878,1
44879,0
44880,0
44881,1
44882,0
44883,0
44884,1
44885,1
44886,1
44887,1
44888,1
44889,0
44890,0
44891,0
44892,0
44893,0
44894,1
44895,1
44896,1
44897,1
44898,0
44899,1
44900,1
44901,0
44902,0
44903,0
44904,0
44905,0
44906,0
44907,0
44908,0
44909,0
44910,0
44911,0
44912,1
44913,1
44914,0
44915,0
44916,1
44917,1
44918,0
44919,0
44920,1
44921,1
44922,1
44923,1
44924,1
44925,1
44926,1
44927,1
44928,1
44929,1
44930,0
44931,0
44932,1
44933,1
44934,1
44935,1
44936,1
44937,1
44938,0
44939,1
44940,1
44941,1
44942,1
44943,1
44944,0
44945,1
44946,1
44947,1
44948,1
44949,1
44950,1
44951,1
44952,1
44953,1
44954,1
44955,1
44956,1
44957,0
44958,1
44959,1
44960,1
44961,1
44962,1
44963,1
44964,1
44965,1
44966,1
44967,1
44968,1
44969,1
44970,1
44971,1
44972,1
44973,1
44974,1
44975,1
44976,1
44977,1
44978,1
44979,1
44980,1
44981,1
44982,1
44983,1
44984,1
44985,1
44986,1
44987,1
44988,1
44989,1
44990,1
44991,1
44992,1
44993,1
44994,1
44995,1
44996,1
44997,1
44998,1
44999,1
45000,0
45001,1
45002,0
45003,0
45004,0
45005,0
45006,0
45007,1
45008,1
45009,1
45010,0
45011,0
45012,0
45013,1
45014,1
45015,1
45016,1
45017,1
45018,1
45019,1
45020,0
45021,1
45022,1
45023,1
45024,1
45025,1
45026,1
45027,0
45028,1
45029,1
45030,1
45031,1
45032,1
45033,1
45034,1
45035,0
45036,0
45037,0
45038,0
45039,0
45040,0
45041,0
45042,0
45043,1
45044,1
45045,0
45046,1
45047,0
45048,0
45049,1
45050,1
45051,1
45052,1
45053,0
45054,0
45055,0
45056,0
45057,0
45058,1
45059,1
45060,0
45061,0
45062,0
45063,1
45064,0
45065,0
45066,1
45067,0
45068,0
45069,0
45070,0
45071,0
45072,1
45073,0
45074,1
45075,0
45076,1
45077,1
45078,1
45079,1
45080,1
45081,0
45082,1
45083,1
45084,1
45085,1
45086,1
45087,1
45088,1
45089,1
45090,1
45091,1
45092,1
45093,1
45094,1
45095,1
45096,1
45097,1
45098,1
45099,1
45100,1
45101,1
45102,1
45103,1
45104,1
45105,1
45106,1
45107,1
45108,1
45109,1
45110,1
45111,1
45112,1
45113,0
45114,0
45115,0
45116,0
45117,1
45118,0
45119,1
45120,0
45121,1
45122,1
45123,1
45124,1
45125,0
45126,1
45127,0
45128,1
45129,1
45130,1
45131,0
45132,0
45133,0
45134,0
45135,0
45136,1
45137,0
45138,1
45139,0
45140,0
45141,1
45142,1
45143,0
45144,0
45145,1
45146,1
45147,1
45148,1
45149,1
45150,1
45151,1
45152,1
45153,0
45154,0
45155,1
45156,0
45157,1
45158,1
45159,1
45160,1
45161,0
45162,1
45163,1
45164,0
45165,1
45166,1
45167,1
45168,1
45169,1
45170,1
45171,1
45172,1
45173,1
45174,0
45175,1
45176,0
45177,1
45178,1
45179,0
45180,1
45181,1
45182,1
45183,1
45184,1
45185,1
45186,1
45187,1
45188,0
45189,1
45190,1
45191,1
45192,1
45193,1
45194,0
45195,1
45196,1
45197,1
45198,1
45199,1
45200,1
45201,1
45202,1
45203,1
45204,1
45205,1
45206,1
45207,1
45208,1
45209,1
45210,1
45211,1
45212,1
45213,1
45214,1
45215,1
45216,1
45217,1
45218,1
45219,1
45220,1
45221,1
45222,1
45223,1
45224,0
45225,1
45226,0
45227,0
45228,0
45229,0
45230,0
45231,0
45232,1
45233,1
45234,1
45235,1
45236,0
45237,1
45238,0
45239,1
45240,0
45241,1
45242,1
45243,1
45244,1
45245,0
45246,0
45247,1
45248,0
45249,1
45250,0
45251,1
45252,1
45253,1
45254,0
45255,1
45256,1
45257,1
45258,1
45259,1
45260,1
45261,0
45262,0
45263,0
45264,0
45265,1
45266,0
45267,1
45268,1
45269,0
45270,0
45271,0
45272,0
45273,0
45274,0
45275,1
45276,1
45277,1
45278,1
45279,1
45280,1
45281,1
45282,1
45283,1
45284,0
45285,0
45286,0
45287,0
45288,1
45289,0
45290,0
45291,0
45292,0
45293,0
45294,0
45295,0
45296,1
45297,1
45298,1
45299,1
45300,0
45301,1
45302,1
45303,1
45304,1
45305,1
45306,1
45307,1
45308,1
45309,1
45310,1
45311,1
45312,1
45313,1
45314,1
45315,1
45316,0
45317,1
45318,1
45319,1
45320,1
45321,1
45322,1
45323,1
45324,1
45325,1
45326,0
45327,0
45328,1
45329,1
45330,1
45331,1
45332,1
45333,1
45334,1
45335,0
45336,1
45337,1
45338,0
45339,1
45340,0
45341,1
45342,0
45343,0
45344,0
45345,1
45346,0
45347,1
45348,1
45349,1
45350,1
45351,1
45352,0
45353,0
45354,1
45355,0
45356,1
45357,0
45358,0
45359,0
45360,0
45361,0
45362,0
45363,1
45364,1
45365,1
45366,0
45367,1
45368,0
45369,0
45370,1
45371,1
45372,1
45373,1
45374,1
45375,1
45376,1
45377,1
45378,1
45379,1
45380,1
45381,1
45382,0
45383,1
45384,0
45385,0
45386,1
45387,0
45388,1
45389,1
45390,1
45391,0
45392,1
45393,1
45394,0
45395,1
45396,1
45397,1
45398,1
45399,1
45400,1
45401,1
45402,1
45403,1
45404,1
45405,1
45406,0
45407,1
45408,0
45409,1
45410,0
45411,1
45412,1
45413,1
45414,1
45415,0
45416,1
45417,1
45418,1
45419,0
45420,1
45421,1
45422,1
45423,1
45424,1
45425,1
45426,1
45427,1
45428,1
45429,1
45430,1
45431,1
45432,1
45433,1
45434,1
45435,1
45436,1
45437,1
45438,1
45439,1
45440,1
45441,1
45442,1
45443,1
45444,1
45445,1
45446,1
45447,1
45448,1
45449,0
45450,0
45451,0
45452,0
45453,1
45454,0
45455,0
45456,0
45457,1
45458,1
45459,1
45460,1
45461,1
45462,1
45463,1
45464,1
45465,0
45466,1
45467,1
45468,1
45469,1
45470,0
45471,0
45472,0
45473,1
45474,1
45475,1
45476,0
45477,1
45478,0
45479,1
45480,1
45481,0
45482,1
45483,1
45484,1
45485,1
45486,0
45487,0
45488,1
45489,1
45490,0
45491,0
45492,1
45493,0
45494,0
45495,1
45496,0
45497,0
45498,0
45499,0
45500,0
45501,0
45502,1
45503,1
45504,1
45505,1
45506,1
45507,1
45508,1
45509,1
45510,0
45511,0
45512,0
45513,0
45514,0
45515,0
45516,0
45517,1
45518,0
45519,1
45520,1
45521,1
45522,1
45523,0
45524,1
45525,1
45526,1
45527,0
45528,1
45529,1
45530,0
45531,0
45532,1
45533,1
45534,1
45535,1
45536,1
45537,1
45538,1
45539,1
45540,1
45541,1
45542,1
45543,1
45544,1
45545,1
45546,1
45547,1
45548,1
45549,1
45550,1
45551,0
45552,0
45553,1
45554,1
45555,1
45556,1
45557,1
45558,1
45559,1
45560,1
45561,1
45562,1
45563,1
45564,1
45565,1
45566,0
45567,1
45568,0
45569,0
45570,1
45571,0
45572,0
45573,1
45574,1
45575,1
45576,1
45577,0
45578,0
45579,0
45580,0
45581,0
45582,0
45583,0
45584,0
45585,0
45586,0
45587,1
45588,1
45589,1
45590,1
45591,0
45592,1
45593,0
45594,0
45595,0
45596,1
45597,1
45598,1
45599,1
45600,1
45601,1
45602,1
45603,0
45604,1
45605,1
45606,1
45607,0
45608,0
45609,1
45610,1
45611,1
45612,0
45613,1
45614,0
45615,1
45616,1
45617,0
45618,0
45619,1
45620,1
45621,0
45622,1
45623,1
45624,0
45625,1
45626,1
45627,1
45628,1
45629,1
45630,1
45631,1
45632,1
45633,1
45634,1
45635,1
45636,1
45637,1
45638,1
45639,1
45640,1
45641,1
45642,1
45643,1
45644,1
45645,1
45646,1
45647,1
45648,1
45649,0
45650,1
45651,1
45652,1
45653,1
45654,1
45655,1
45656,1
45657,1
45658,1
45659,1
45660,1
45661,1
45662,1
45663,1
45664,1
45665,1
45666,1
45667,1
45668,1
45669,1
45670,1
45671,1
45672,1
45673,1
45674,1
45675,1
45676,0
45677,1
45678,1
45679,0
45680,0
45681,0
45682,0
45683,1
45684,0
45685,1
45686,1
45687,1
45688,1
45689,1
45690,0
45691,1
45692,1
45693,1
45694,1
45695,1
45696,1
45697,1
45698,0
45699,0
45700,0
45701,1
45702,1
45703,1
45704,0
45705,1
45706,1
45707,1
45708,1
45709,1
45710,0
45711,0
45712,0
45713,0
45714,0
45715,1
45716,0
45717,0
45718,1
45719,1
45720,1
45721,0
45722,0
45723,1
45724,0
45725,0
45726,1
45727,0
45728,1
45729,1
45730,1
45731,1
45732,1
45733,1
45734,1
45735,0
45736,0
45737,0
45738,0
45739,0
45740,0
45741,0
45742,0
45743,0
45744,1
45745,1
45746,1
45747,1
45748,0
45749,1
45750,1
45751,1
45752,1
45753,1
45754,0
45755,1
45756,1
45757,0
45758,1
45759,1
45760,1
45761,1
45762,1
45763,1
45764,1
45765,1
45766,1
45767,1
45768,1
45769,1
45770,1
45771,1
45772,1
45773,1
45774,1
45775,0
45776,0
45777,0
45778,0
45779,0
45780,0
45781,1
45782,1
45783,1
45784,1
45785,1
45786,1
45787,1
45788,1
45789,1
45790,0
45791,1
45792,1
45793,0
45794,0
45795,1
45796,0
45797,1
45798,0
45799,1
45800,1
45801,1
45802,1
45803,0
45804,1
45805,0
45806,1
45807,0
45808,1
45809,0
45810,0
45811,0
45812,0
45813,0
45814,0
45815,0
45816,1
45817,1
45818,1
45819,0
45820,0
45821,0
45822,0
45823,1
45824,1
45825,1
45826,1
45827,1
45828,1
45829,1
45830,1
45831,1
45832,1
45833,0
45834,0
45835,1
45836,1
45837,0
45838,0
45839,0
45840,1
45841,1
45842,1
45843,1
45844,1
45845,0
45846,1
45847,1
45848,1
45849,1
45850,1
45851,1
45852,1
45853,1
45854,1
45855,1
45856,1
45857,1
45858,0
45859,1
45860,1
45861,1
45862,0
45863,1
45864,1
45865,1
45866,1
45867,1
45868,1
45869,1
45870,0
45871,1
45872,1
45873,1
45874,1
45875,1
45876,1
45877,1
45878,1
45879,1
45880,1
45881,1
45882,1
45883,1
45884,1
45885,0
45886,1
45887,1
45888,1
45889,1
45890,1
45891,1
45892,1
45893,1
45894,1
45895,1
45896,1
45897,1
45898,1
45899,1
45900,1
45901,1
45902,1
45903,1
45904,0
45905,0
45906,1
45907,0
45908,1
45909,1
45910,1
45911,1
45912,0
45913,1
45914,1
45915,0
45916,1
45917,1
45918,1
45919,0
45920,1
45921,1
45922,1
45923,1
45924,1
45925,1
45926,0
45927,1
45928,0
45929,0
45930,1
45931,0
45932,1
45933,1
45934,1
45935,1
45936,0
45937,1
45938,0
45939,1
45940,0
45941,1
45942,1
45943,1
45944,1
45945,1
45946,1
45947,1
45948,1
45949,0
45950,0
45951,0
45952,1
45953,1
45954,1
45955,1
45956,1
45957,1
45958,1
45959,1
45960,1
45961,1
45962,1
45963,1
45964,0
45965,0
45966,1
45967,1
45968,1
45969,1
45970,1
45971,1
45972,0
45973,0
45974,0
45975,0
45976,0
45977,1
45978,1
45979,1
45980,1
45981,0
45982,0
45983,1
45984,1
45985,1
45986,1
45987,1
45988,1
45989,1
45990,1
45991,1
45992,1
45993,1
45994,1
45995,1
45996,1
45997,1
45998,1
45999,1
46000,0
46001,0
46002,0
46003,0
46004,0
46005,1
46006,1
46007,1
46008,1
46009,1
46010,1
46011,0
46012,0
46013,0
46014,1
46015,1
46016,1
46017,1
46018,1
46019,1
46020,0
46021,1
46022,1
46023,1
46024,1
46025,1
46026,1
46027,1
46028,0
46029,0
46030,1
46031,1
46032,1
46033,1
46034,0
46035,0
46036,1
46037,0
46038,0
46039,0
46040,0
46041,1
46042,1
46043,1
46044,1
46045,1
46046,0
46047,1
46048,1
46049,1
46050,1
46051,1
46052,1
46053,1
46054,1
46055,1
46056,1
46057,0
46058,0
46059,0
46060,0
46061,0
46062,0
46063,1
46064,0
46065,1
46066,1
46067,1
46068,1
46069,0
46070,1
46071,1
46072,0
46073,0
46074,1
46075,1
46076,1
46077,1
46078,1
46079,1
46080,1
46081,0
46082,1
46083,1
46084,1
46085,1
46086,1
46087,1
46088,1
46089,1
46090,1
46091,1
46092,1
46093,1
46094,1
46095,1
46096,1
46097,1
46098,1
46099,1
46100,1
46101,1
46102,1
46103,1
46104,1
46105,1
46106,1
46107,1
46108,1
46109,0
46110,1
46111,1
46112,1
46113,1
46114,1
46115,1
46116,1
46117,0
46118,1
46119,1
46120,1
46121,1
46122,1
46123,1
46124,1
46125,1
46126,0
46127,1
46128,0
46129,0
46130,0
46131,0
46132,1
46133,1
46134,1
46135,1
46136,0
46137,0
46138,1
46139,1
46140,0
46141,0
46142,0
46143,0
46144,1
46145,1
46146,1
46147,1
46148,1
46149,0
46150,0
46151,1
46152,0
46153,0
46154,0
46155,0
46156,0
46157,1
46158,1
46159,1
46160,1
46161,1
46162,1
46163,1
46164,0
46165,0
46166,1
46167,1
46168,1
46169,1
46170,0
46171,0
46172,0
46173,1
46174,0
46175,0
46176,0
46177,0
46178,1
46179,0
46180,1
46181,1
46182,1
46183,1
46184,1
46185,1
46186,1
46187,1
46188,1
46189,1
46190,1
46191,1
46192,1
46193,1
46194,1
46195,1
46196,1
46197,1
46198,1
46199,1
46200,1
46201,1
46202,1
46203,1
46204,1
46205,1
46206,0
46207,0
46208,0
46209,0
46210,0
46211,1
46212,1
46213,0
46214,1
46215,1
46216,1
46217,0
46218,1
46219,1
46220,1
46221,1
46222,1
46223,1
46224,1
46225,1
46226,0
46227,0
46228,0
46229,1
46230,1
46231,1
46232,1
46233,1
46234,1
46235,1
46236,0
46237,0
46238,0
46239,1
46240,1
46241,1
46242,1
46243,1
46244,1
46245,1
46246,0
46247,1
46248,0
46249,1
46250,1
46251,1
46252,1
46253,1
46254,0
46255,0
46256,1
46257,1
46258,1
46259,1
46260,1
46261,1
46262,0
46263,0
46264,0
46265,0
46266,0
46267,1
46268,1
46269,1
46270,1
46271,1
46272,1
46273,1
46274,1
46275,1
46276,1
46277,1
46278,1
46279,0
46280,1
46281,1
46282,1
46283,0
46284,1
46285,1
46286,1
46287,1
46288,1
46289,1
46290,1
46291,1
46292,1
46293,1
46294,1
46295,1
46296,1
46297,1
46298,0
46299,1
46300,1
46301,1
46302,0
46303,1
46304,1
46305,1
46306,1
46307,1
46308,1
46309,1
46310,1
46311,1
46312,1
46313,1
46314,1
46315,0
46316,0
46317,1
46318,1
46319,1
46320,1
46321,1
46322,1
46323,1
46324,1
46325,1
46326,1
46327,1
46328,1
46329,1
46330,1
46331,1
46332,1
46333,1
46334,0
46335,1
46336,1
46337,1
46338,1
46339,1
46340,1
46341,1
46342,1
46343,1
46344,1
46345,1
46346,1
46347,1
46348,1
46349,1
46350,1
46351,0
46352,0
46353,0
46354,0
46355,0
46356,0
46357,1
46358,1
46359,1
46360,0
46361,0
46362,0
46363,0
46364,0
46365,0
46366,0
46367,0
46368,0
46369,0
46370,1
46371,1
46372,1
46373,0
46374,0
46375,0
46376,1
46377,1
46378,1
46379,0
46380,1
46381,1
46382,0
46383,1
46384,1
46385,1
46386,1
46387,1
46388,0
46389,1
46390,0
46391,0
46392,0
46393,1
46394,1
46395,0
46396,1
46397,1
46398,1
46399,1
46400,1
46401,0
46402,0
46403,0
46404,0
46405,0
46406,0
46407,1
46408,1
46409,1
46410,1
46411,1
46412,1
46413,1
46414,1
46415,1
46416,1
46417,1
46418,1
46419,1
46420,1
46421,0
46422,1
46423,1
46424,1
46425,0
46426,0
46427,0
46428,1
46429,1
46430,1
46431,0
46432,0
46433,1
46434,0
46435,0
46436,1
46437,1
46438,0
46439,0
46440,0
46441,0
46442,0
46443,0
46444,1
46445,1
46446,1
46447,1
46448,1
46449,0
46450,0
46451,0
46452,0
46453,0
46454,0
46455,0
46456,1
46457,1
46458,1
46459,1
46460,0
46461,1
46462,0
46463,0
46464,1
46465,1
46466,0
46467,1
46468,0
46469,1
46470,0
46471,1
46472,0
46473,0
46474,0
46475,1
46476,0
46477,1
46478,1
46479,1
46480,1
46481,0
46482,1
46483,1
46484,0
46485,0
46486,0
46487,1
46488,1
46489,0
46490,0
46491,1
46492,1
46493,1
46494,1
46495,1
46496,1
46497,1
46498,1
46499,1
46500,0
46501,1
46502,0
46503,1
46504,1
46505,1
46506,1
46507,1
46508,1
46509,1
46510,1
46511,1
46512,1
46513,1
46514,1
46515,1
46516,1
46517,1
46518,1
46519,1
46520,0
46521,0
46522,1
46523,1
46524,1
46525,1
46526,1
46527,0
46528,0
46529,0
46530,0
46531,1
46532,1
46533,1
46534,1
46535,1
46536,1
46537,1
46538,1
46539,1
46540,1
46541,1
46542,1
46543,1
46544,1
46545,1
46546,1
46547,1
46548,1
46549,1
46550,1
46551,1
46552,1
46553,1
46554,1
46555,1
46556,1
46557,1
46558,0
46559,1
46560,1
46561,1
46562,1
46563,1
46564,1
46565,1
46566,1
46567,1
46568,1
46569,1
46570,1
46571,1
46572,1
46573,1
46574,1
46575,1
46576,0
46577,0
46578,1
46579,0
46580,0
46581,0
46582,0
46583,1
46584,0
46585,0
46586,0
46587,0
46588,0
46589,1
46590,1
46591,1
46592,1
46593,0
46594,1
46595,1
46596,1
46597,1
46598,0
46599,0
46600,1
46601,1
46602,0
46603,1
46604,0
46605,1
46606,1
46607,1
46608,1
46609,1
46610,1
46611,1
46612,1
46613,0
46614,0
46615,0
46616,1
46617,1
46618,1
46619,1
46620,1
46621,0
46622,0
46623,0
46624,1
46625,1
46626,0
46627,0
46628,0
46629,0
46630,0
46631,0
46632,1
46633,1
46634,1
46635,1
46636,1
46637,1
46638,1
46639,1
46640,1
46641,1
46642,1
46643,1
46644,1
46645,1
46646,1
46647,1
46648,0
46649,1
46650,0
46651,0
46652,1
46653,1
46654,0
46655,0
46656,1
46657,0
46658,0
46659,1
46660,0
46661,1
46662,0
46663,0
46664,0
46665,0
46666,0
46667,0
46668,0
46669,1
46670,1
46671,1
46672,1
46673,1
46674,0
46675,0
46676,0
46677,0
46678,1
46679,0
46680,0
46681,1
46682,1
46683,0
46684,0
46685,1
46686,1
46687,0
46688,0
46689,1
46690,1
46691,1
46692,0
46693,0
46694,0
46695,1
46696,0
46697,0
46698,1
46699,0
46700,0
46701,0
46702,0
46703,1
46704,1
46705,1
46706,1
46707,1
46708,1
46709,1
46710,1
46711,0
46712,1
46713,0
46714,0
46715,0
46716,1
46717,0
46718,1
46719,1
46720,1
46721,1
46722,1
46723,1
46724,1
46725,1
46726,1
46727,1
46728,1
46729,1
46730,1
46731,1
46732,1
46733,0
46734,1
46735,1
46736,0
46737,1
46738,0
46739,1
46740,0
46741,1
46742,1
46743,1
46744,1
46745,1
46746,1
46747,0
46748,1
46749,0
46750,1
46751,1
46752,1
46753,0
46754,1
46755,0
46756,0
46757,1
46758,1
46759,1
46760,0
46761,1
46762,0
46763,1
46764,0
46765,1
46766,1
46767,1
46768,1
46769,1
46770,1
46771,1
46772,1
46773,1
46774,1
46775,1
46776,1
46777,1
46778,1
46779,1
46780,1
46781,1
46782,1
46783,0
46784,1
46785,1
46786,1
46787,1
46788,1
46789,1
46790,1
46791,1
46792,1
46793,1
46794,1
46795,1
46796,1
46797,1
46798,1
46799,1
46800,1
46801,0
46802,1
46803,1
46804,1
46805,0
46806,1
46807,0
46808,0
46809,0
46810,0
46811,0
46812,0
46813,0
46814,0
46815,1
46816,1
46817,1
46818,1
46819,0
46820,1
46821,1
46822,1
46823,0
46824,0
46825,1
46826,0
46827,1
46828,0
46829,0
46830,0
46831,1
46832,0
46833,1
46834,1
46835,1
46836,1
46837,1
46838,0
46839,1
46840,0
46841,0
46842,0
46843,1
46844,1
46845,1
46846,0
46847,1
46848,1
46849,0
46850,0
46851,0
46852,1
46853,1
46854,0
46855,0
46856,0
46857,0
46858,1
46859,1
46860,1
46861,1
46862,1
46863,1
46864,1
46865,1
46866,1
46867,1
46868,1
46869,1
46870,0
46871,0
46872,0
46873,0
46874,1
46875,0
46876,0
46877,1
46878,0
46879,0
46880,0
46881,0
46882,0
46883,0
46884,1
46885,0
46886,0
46887,0
46888,0
46889,0
46890,0
46891,0
46892,0
46893,1
46894,1
46895,1
46896,1
46897,1
46898,1
46899,0
46900,0
46901,0
46902,1
46903,1
46904,1
46905,0
46906,1
46907,0
46908,1
46909,1
46910,1
46911,0
46912,0
46913,0
46914,1
46915,1
46916,1
46917,1
46918,0
46919,0
46920,0
46921,0
46922,0
46923,0
46924,1
46925,0
46926,0
46927,0
46928,0
46929,0
46930,0
46931,1
46932,0
46933,1
46934,1
46935,1
46936,0
46937,0
46938,0
46939,0
46940,0
46941,0
46942,1
46943,1
46944,1
46945,1
46946,1
46947,1
46948,1
46949,0
46950,1
46951,1
46952,1
46953,1
46954,1
46955,1
46956,1
46957,1
46958,1
46959,1
46960,1
46961,1
46962,1
46963,1
46964,1
46965,1
46966,1
46967,1
46968,0
46969,1
46970,1
46971,1
46972,1
46973,1
46974,1
46975,1
46976,1
46977,1
46978,0
46979,0
46980,1
46981,1
46982,1
46983,1
46984,1
46985,0
46986,0
46987,1
46988,1
46989,1
46990,1
46991,0
46992,1
46993,1
46994,1
46995,1
46996,1
46997,1
46998,1
46999,1
47000,1
47001,1
47002,1
47003,1
47004,1
47005,1
47006,1
47007,1
47008,1
47009,1
47010,1
47011,1
47012,1
47013,1
47014,1
47015,1
47016,1
47017,1
47018,1
47019,1
47020,1
47021,1
47022,1
47023,1
47024,1
47025,1
47026,0
47027,1
47028,0
47029,0
47030,0
47031,0
47032,0
47033,0
47034,1
47035,1
47036,0
47037,0
47038,0
47039,1
47040,1
47041,1
47042,0
47043,0
47044,1
47045,0
47046,1
47047,0
47048,0
47049,0
47050,1
47051,1
47052,1
47053,1
47054,0
47055,1
47056,1
47057,1
47058,1
47059,1
47060,1
47061,1
47062,1
47063,0
47064,0
47065,0
47066,0
47067,0
47068,1
47069,0
47070,0
47071,1
47072,0
47073,0
47074,0
47075,0
47076,1
47077,1
47078,1
47079,0
47080,0
47081,0
47082,0
47083,1
47084,1
47085,1
47086,1
47087,1
47088,1
47089,1
47090,1
47091,1
47092,1
47093,1
47094,1
47095,1
47096,1
47097,1
47098,1
47099,0
47100,1
47101,0
47102,1
47103,0
47104,0
47105,0
47106,0
47107,0
47108,0
47109,0
47110,0
47111,0
47112,0
47113,1
47114,1
47115,0
47116,1
47117,1
47118,1
47119,1
47120,1
47121,1
47122,1
47123,1
47124,0
47125,0
47126,0
47127,1
47128,1
47129,1
47130,1
47131,1
47132,1
47133,1
47134,1
47135,1
47136,1
47137,0
47138,1
47139,1
47140,1
47141,1
47142,1
47143,1
47144,1
47145,1
47146,0
47147,0
47148,0
47149,0
47150,0
47151,0
47152,0
47153,0
47154,1
47155,0
47156,1
47157,1
47158,1
47159,0
47160,0
47161,0
47162,0
47163,0
47164,0
47165,0
47166,0
47167,1
47168,0
47169,1
47170,1
47171,1
47172,1
47173,1
47174,1
47175,0
47176,1
47177,1
47178,1
47179,1
47180,1
47181,1
47182,1
47183,1
47184,1
47185,0
47186,1
47187,1
47188,0
47189,0
47190,0
47191,1
47192,1
47193,1
47194,1
47195,1
47196,1
47197,1
47198,1
47199,1
47200,1
47201,0
47202,1
47203,0
47204,0
47205,0
47206,1
47207,0
47208,0
47209,0
47210,0
47211,0
47212,0
47213,1
47214,1
47215,1
47216,1
47217,1
47218,1
47219,1
47220,1
47221,1
47222,1
47223,1
47224,1
47225,1
47226,1
47227,1
47228,1
47229,1
47230,1
47231,1
47232,1
47233,1
47234,1
47235,1
47236,1
47237,1
47238,1
47239,1
47240,1
47241,1
47242,1
47243,1
47244,1
47245,1
47246,1
47247,1
47248,1
47249,1
47250,1
47251,0
47252,0
47253,0
47254,0
47255,0
47256,0
47257,0
47258,0
47259,1
47260,1
47261,0
47262,0
47263,1
47264,1
47265,1
47266,1
47267,1
47268,0
47269,1
47270,1
47271,1
47272,0
47273,1
47274,1
47275,1
47276,1
47277,1
47278,0
47279,1
47280,1
47281,1
47282,1
47283,1
47284,1
47285,1
47286,1
47287,1
47288,1
47289,1
47290,0
47291,0
47292,1
47293,0
47294,0
47295,0
47296,0
47297,1
47298,0
47299,0
47300,0
47301,1
47302,0
47303,0
47304,1
47305,0
47306,0
47307,1
47308,1
47309,1
47310,1
47311,1
47312,1
47313,1
47314,1
47315,1
47316,1
47317,1
47318,1
47319,1
47320,1
47321,1
47322,1
47323,1
47324,1
47325,0
47326,0
47327,0
47328,1
47329,0
47330,0
47331,0
47332,0
47333,0
47334,0
47335,0
47336,0
47337,0
47338,0
47339,1
47340,1
47341,1
47342,1
47343,1
47344,1
47345,0
47346,1
47347,1
47348,1
47349,0
47350,0
47351,0
47352,1
47353,1
47354,1
47355,1
47356,1
47357,1
47358,0
47359,0
47360,1
47361,0
47362,0
47363,0
47364,1
47365,1
47366,1
47367,1
47368,1
47369,1
47370,1
47371,0
47372,0
47373,0
47374,1
47375,1
47376,0
47377,1
47378,0
47379,0
47380,0
47381,1
47382,1
47383,0
47384,0
47385,0
47386,0
47387,0
47388,0
47389,1
47390,1
47391,1
47392,1
47393,1
47394,1
47395,1
47396,0
47397,1
47398,1
47399,0
47400,1
47401,1
47402,1
47403,1
47404,0
47405,1
47406,1
47407,1
47408,1
47409,1
47410,0
47411,1
47412,1
47413,1
47414,0
47415,1
47416,1
47417,1
47418,1
47419,1
47420,0
47421,1
47422,1
47423,1
47424,1
47425,1
47426,0
47427,0
47428,1
47429,1
47430,0
47431,0
47432,0
47433,0
47434,0
47435,0
47436,0
47437,0
47438,0
47439,1
47440,1
47441,1
47442,0
47443,0
47444,1
47445,1
47446,1
47447,1
47448,1
47449,0
47450,1
47451,1
47452,1
47453,1
47454,1
47455,0
47456,1
47457,1
47458,1
47459,1
47460,1
47461,1
47462,1
47463,1
47464,1
47465,1
47466,1
47467,1
47468,1
47469,1
47470,1
47471,1
47472,1
47473,1
47474,1
47475,1
47476,0
47477,0
47478,0
47479,0
47480,0
47481,1
47482,0
47483,0
47484,0
47485,0
47486,0
47487,0
47488,1
47489,0
47490,1
47491,1
47492,1
47493,0
47494,0
47495,0
47496,0
47497,1
47498,1
47499,1
47500,1
47501,1
47502,1
47503,1
47504,1
47505,1
47506,0
47507,1
47508,1
47509,1
47510,1
47511,1
47512,1
47513,0
47514,0
47515,0
47516,0
47517,0
47518,0
47519,0
47520,0
47521,0
47522,1
47523,1
47524,1
47525,0
47526,1
47527,0
47528,0
47529,1
47530,0
47531,0
47532,0
47533,1
47534,1
47535,1
47536,1
47537,1
47538,1
47539,1
47540,1
47541,1
47542,1
47543,1
47544,1
47545,1
47546,1
47547,1
47548,1
47549,1
47550,1
47551,1
47552,1
47553,1
47554,1
47555,0
47556,1
47557,0
47558,0
47559,0
47560,0
47561,0
47562,0
47563,0
47564,1
47565,1
47566,1
47567,1
47568,1
47569,1
47570,1
47571,1
47572,1
47573,0
47574,0
47575,0
47576,0
47577,0
47578,1
47579,1
47580,1
47581,1
47582,0
47583,0
47584,0
47585,1
47586,0
47587,0
47588,1
47589,1
47590,1
47591,0
47592,1
47593,1
47594,1
47595,1
47596,0
47597,0
47598,0
47599,1
47600,1
47601,1
47602,0
47603,0
47604,0
47605,0
47606,0
47607,1
47608,1
47609,1
47610,0
47611,0
47612,0
47613,0
47614,0
47615,1
47616,1
47617,1
47618,1
47619,1
47620,1
47621,1
47622,1
47623,1
47624,0
47625,1
47626,0
47627,1
47628,0
47629,1
47630,1
47631,1
47632,0
47633,1
47634,1
47635,1
47636,1
47637,1
47638,1
47639,1
47640,0
47641,1
47642,1
47643,0
47644,1
47645,1
47646,1
47647,1
47648,1
47649,1
47650,1
47651,1
47652,1
47653,1
47654,1
47655,0
47656,1
47657,0
47658,0
47659,0
47660,0
47661,0
47662,0
47663,0
47664,0
47665,1
47666,0
47667,0
47668,0
47669,0
47670,1
47671,1
47672,1
47673,1
47674,1
47675,1
47676,1
47677,1
47678,1
47679,1
47680,0
47681,1
47682,1
47683,1
47684,1
47685,1
47686,1
47687,1
47688,1
47689,1
47690,1
47691,1
47692,1
47693,1
47694,1
47695,1
47696,1
47697,1
47698,1
47699,1
47700,1
47701,0
47702,0
47703,0
47704,0
47705,0
47706,0
47707,0
47708,0
47709,0
47710,0
47711,0
47712,0
47713,1
47714,1
47715,1
47716,1
47717,1
47718,0
47719,0
47720,0
47721,1
47722,0
47723,1
47724,1
47725,1
47726,1
47727,1
47728,0
47729,1
47730,1
47731,1
47732,1
47733,1
47734,1
47735,1
47736,1
47737,1
47738,1
47739,0
47740,0
47741,0
47742,0
47743,1
47744,0
47745,1
47746,0
47747,0
47748,0
47749,1
47750,1
47751,1
47752,1
47753,1
47754,0
47755,0
47756,0
47757,0
47758,1
47759,1
47760,1
47761,1
47762,1
47763,1
47764,1
47765,1
47766,1
47767,1
47768,1
47769,1
47770,1
47771,1
47772,1
47773,1
47774,1
47775,1
47776,1
47777,1
47778,1
47779,1
47780,1
47781,1
47782,1
47783,0
47784,0
47785,0
47786,0
47787,0
47788,1
47789,1
47790,1
47791,1
47792,1
47793,1
47794,1
47795,1
47796,1
47797,1
47798,0
47799,0
47800,0
47801,0
47802,1
47803,1
47804,1
47805,1
47806,1
47807,0
47808,0
47809,0
47810,0
47811,0
47812,0
47813,0
47814,1
47815,1
47816,1
47817,1
47818,1
47819,1
47820,1
47821,1
47822,1
47823,0
47824,1
47825,0
47826,0
47827,0
47828,1
47829,1
47830,0
47831,0
47832,1
47833,1
47834,1
47835,0
47836,0
47837,0
47838,0
47839,1
47840,1
47841,0
47842,1
47843,1
47844,1
47845,0
47846,1
47847,1
47848,1
47849,1
47850,0
47851,1
47852,1
47853,1
47854,0
47855,1
47856,1
47857,1
47858,1
47859,0
47860,1
47861,1
47862,1
47863,1
47864,1
47865,1
47866,1
47867,1
47868,1
47869,0
47870,0
47871,1
47872,1
47873,1
47874,1
47875,1
47876,1
47877,0
47878,1
47879,0
47880,0
47881,0
47882,0
47883,0
47884,1
47885,1
47886,0
47887,0
47888,1
47889,1
47890,1
47891,1
47892,1
47893,0
47894,1
47895,1
47896,0
47897,1
47898,1
47899,1
47900,1
47901,1
47902,1
47903,1
47904,1
47905,1
47906,0
47907,1
47908,0
47909,1
47910,1
47911,1
47912,1
47913,1
47914,1
47915,1
47916,1
47917,1
47918,1
47919,1
47920,1
47921,1
47922,1
47923,1
47924,1
47925,1
47926,0
47927,0
47928,0
47929,0
47930,0
47931,0
47932,1
47933,0
47934,0
47935,0
47936,1
47937,0
47938,1
47939,1
47940,1
47941,1
47942,1
47943,0
47944,0
47945,0
47946,0
47947,1
47948,1
47949,1
47950,1
47951,1
47952,1
47953,1
47954,1
47955,1
47956,1
47957,1
47958,1
47959,1
47960,1
47961,1
47962,1
47963,1
47964,1
47965,1
47966,1
47967,0
47968,0
47969,0
47970,0
47971,0
47972,0
47973,0
47974,0
47975,1
47976,1
47977,1
47978,1
47979,0
47980,1
47981,0
47982,0
47983,0
47984,0
47985,0
47986,1
47987,1
47988,1
47989,1
47990,1
47991,1
47992,1
47993,1
47994,1
47995,1
47996,1
47997,1
47998,1
47999,1
48000,1
48001,1
48002,1
48003,1
48004,1
48005,1
48006,1
48007,0
48008,0
48009,0
48010,0
48011,0
48012,0
48013,1
48014,1
48015,1
48016,1
48017,1
48018,1
48019,1
48020,0
48021,1
48022,1
48023,1
48024,1
48025,1
48026,1
48027,1
48028,1
48029,1
48030,1
48031,1
48032,1
48033,1
48034,1
48035,1
48036,1
48037,1
48038,1
48039,1
48040,1
48041,1
48042,0
48043,1
48044,1
48045,1
48046,1
48047,1
48048,0
48049,1
48050,1
48051,0
48052,0
48053,0
48054,0
48055,0
48056,0
48057,0
48058,1
48059,1
48060,0
48061,0
48062,0
48063,1
48064,1
48065,1
48066,0
48067,0
48068,0
48069,0
48070,0
48071,0
48072,1
48073,1
48074,0
48075,1
48076,1
48077,1
48078,1
48079,1
48080,1
48081,1
48082,1
48083,0
48084,1
48085,1
48086,1
48087,1
48088,1
48089,1
48090,1
48091,0
48092,1
48093,1
48094,1
48095,0
48096,1
48097,1
48098,1
48099,0
48100,1
48101,1
48102,1
48103,1
48104,0
48105,1
48106,1
48107,0
48108,1
48109,1
48110,1
48111,1
48112,1
48113,1
48114,1
48115,1
48116,0
48117,1
48118,1
48119,1
48120,1
48121,1
48122,1
48123,1
48124,1
48125,0
48126,1
48127,1
48128,1
48129,1
48130,1
48131,0
48132,1
48133,1
48134,0
48135,1
48136,1
48137,1
48138,1
48139,1
48140,1
48141,1
48142,1
48143,1
48144,1
48145,1
48146,1
48147,1
48148,1
48149,1
48150,1
48151,0
48152,0
48153,0
48154,0
48155,0
48156,1
48157,1
48158,1
48159,0
48160,0
48161,0
48162,0
48163,1
48164,1
48165,1
48166,1
48167,1
48168,1
48169,1
48170,0
48171,1
48172,0
48173,1
48174,1
48175,1
48176,1
48177,1
48178,1
48179,1
48180,1
48181,1
48182,1
48183,1
48184,1
48185,1
48186,1
48187,1
48188,1
48189,1
48190,1
48191,1
48192,0
48193,0
48194,0
48195,1
48196,0
48197,0
48198,0
48199,0
48200,0
48201,1
48202,0
48203,0
48204,1
48205,0
48206,1
48207,1
48208,0
48209,0
48210,0
48211,1
48212,1
48213,1
48214,1
48215,1
48216,1
48217,1
48218,1
48219,1
48220,1
48221,1
48222,1
48223,1
48224,1
48225,1
48226,1
48227,1
48228,1
48229,1
48230,1
48231,1
48232,1
48233,1
48234,0
48235,0
48236,0
48237,0
48238,1
48239,1
48240,1
48241,1
48242,1
48243,1
48244,1
48245,1
48246,1
48247,1
48248,1
48249,1
48250,0
48251,1
48252,1
48253,1
48254,1
48255,1
48256,1
48257,1
48258,1
48259,1
48260,1
48261,1
48262,1
48263,1
48264,1
48265,0
48266,1
48267,1
48268,1
48269,1
48270,0
48271,1
48272,1
48273,1
48274,1
48275,0
48276,0
48277,0
48278,0
48279,0
48280,0
48281,0
48282,1
48283,1
48284,0
48285,1
48286,1
48287,1
48288,1
48289,1
48290,1
48291,0
48292,0
48293,0
48294,0
48295,0
48296,0
48297,1
48298,0
48299,0
48300,0
48301,0
48302,1
48303,1
48304,1
48305,1
48306,1
48307,1
48308,1
48309,1
48310,1
48311,1
48312,1
48313,1
48314,1
48315,0
48316,0
48317,1
48318,1
48319,0
48320,0
48321,1
48322,1
48323,1
48324,1
48325,1
48326,0
48327,1
48328,1
48329,1
48330,1
48331,1
48332,1
48333,1
48334,1
48335,0
48336,1
48337,1
48338,0
48339,1
48340,0
48341,1
48342,1
48343,1
48344,0
48345,1
48346,0
48347,1
48348,0
48349,1
48350,1
48351,0
48352,1
48353,1
48354,0
48355,1
48356,1
48357,0
48358,1
48359,0
48360,1
48361,1
48362,1
48363,1
48364,1
48365,1
48366,1
48367,1
48368,1
48369,1
48370,1
48371,1
48372,1
48373,1
48374,1
48375,1
48376,0
48377,0
48378,0
48379,0
48380,0
48381,1
48382,1
48383,1
48384,0
48385,1
48386,0
48387,0
48388,1
48389,1
48390,1
48391,1
48392,1
48393,1
48394,0
48395,0
48396,0
48397,0
48398,0
48399,0
48400,0
48401,1
48402,1
48403,1
48404,1
48405,0
48406,1
48407,1
48408,1
48409,1
48410,1
48411,1
48412,1
48413,1
48414,1
48415,1
48416,1
48417,1
48418,1
48419,1
48420,1
48421,1
48422,0
48423,0
48424,0
48425,0
48426,0
48427,0
48428,0
48429,1
48430,0
48431,1
48432,1
48433,1
48434,1
48435,0
48436,0
48437,1
48438,1
48439,1
48440,1
48441,1
48442,1
48443,1
48444,1
48445,1
48446,1
48447,1
48448,1
48449,1
48450,1
48451,1
48452,1
48453,1
48454,1
48455,1
48456,1
48457,1
48458,1
48459,1
48460,0
48461,0
48462,0
48463,1
48464,1
48465,1
48466,1
48467,1
48468,1
48469,1
48470,1
48471,0
48472,0
48473,1
48474,1
48475,1
48476,1
48477,1
48478,1
48479,1
48480,1
48481,1
48482,1
48483,1
48484,1
48485,1
48486,1
48487,1
48488,0
48489,1
48490,1
48491,0
48492,1
48493,1
48494,1
48495,0
48496,1
48497,1
48498,1
48499,1
48500,1
48501,1
48502,0
48503,0
48504,0
48505,0
48506,0
48507,1
48508,1
48509,1
48510,0
48511,1
48512,0
48513,0
48514,1
48515,1
48516,1
48517,0
48518,0
48519,1
48520,0
48521,1
48522,1
48523,0
48524,1
48525,0
48526,0
48527,0
48528,1
48529,1
48530,1
48531,1
48532,1
48533,1
48534,1
48535,1
48536,1
48537,1
48538,1
48539,0
48540,1
48541,1
48542,1
48543,1
48544,0
48545,1
48546,0
48547,1
48548,1
48549,0
48550,1
48551,1
48552,1
48553,1
48554,1
48555,1
48556,1
48557,1
48558,1
48559,1
48560,1
48561,0
48562,1
48563,1
48564,1
48565,0
48566,0
48567,1
48568,1
48569,1
48570,1
48571,0
48572,1
48573,1
48574,1
48575,0
48576,0
48577,1
48578,1
48579,1
48580,1
48581,1
48582,1
48583,0
48584,1
48585,1
48586,1
48587,1
48588,1
48589,1
48590,1
48591,1
48592,1
48593,1
48594,1
48595,1
48596,1
48597,1
48598,1
48599,1
48600,1
48601,0
48602,0
48603,0
48604,0
48605,0
48606,0
48607,1
48608,0
48609,1
48610,0
48611,1
48612,0
48613,1
48614,1
48615,1
48616,1
48617,1
48618,1
48619,0
48620,1
48621,1
48622,0
48623,0
48624,0
48625,0
48626,1
48627,1
48628,1
48629,1
48630,1
48631,0
48632,0
48633,0
48634,1
48635,1
48636,0
48637,1
48638,1
48639,1
48640,1
48641,1
48642,1
48643,1
48644,1
48645,1
48646,1
48647,1
48648,0
48649,0
48650,0
48651,0
48652,0
48653,0
48654,0
48655,0
48656,0
48657,0
48658,0
48659,0
48660,0
48661,0
48662,1
48663,1
48664,1
48665,1
48666,1
48667,1
48668,1
48669,1
48670,1
48671,1
48672,1
48673,1
48674,1
48675,1
48676,1
48677,1
48678,1
48679,1
48680,1
48681,1
48682,1
48683,1
48684,1
48685,1
48686,1
48687,0
48688,0
48689,0
48690,1
48691,1
48692,1
48693,1
48694,1
48695,1
48696,1
48697,1
48698,1
48699,1
48700,1
48701,1
48702,1
48703,1
48704,1
48705,1
48706,1
48707,1
48708,1
48709,1
48710,1
48711,1
48712,1
48713,1
48714,1
48715,1
48716,1
48717,1
48718,0
48719,1
48720,1
48721,1
48722,1
48723,1
48724,1
48725,1
48726,1
48727,0
48728,0
48729,0
48730,0
48731,0
48732,0
48733,1
48734,0
48735,1
48736,0
48737,0
48738,0
48739,1
48740,0
48741,1
48742,1
48743,1
48744,0
48745,0
48746,0
48747,0
48748,1
48749,1
48750,1
48751,0
48752,0
48753,1
48754,1
48755,1
48756,1
48757,1
48758,1
48759,1
48760,1
48761,1
48762,1
48763,1
48764,0
48765,1
48766,1
48767,1
48768,0
48769,1
48770,1
48771,1
48772,1
48773,0
48774,0
48775,0
48776,1
48777,0
48778,1
48779,1
48780,1
48781,1
48782,0
48783,1
48784,1
48785,1
48786,1
48787,1
48788,1
48789,1
48790,0
48791,1
48792,1
48793,1
48794,1
48795,0
48796,1
48797,0
48798,0
48799,1
48800,1
48801,1
48802,0
48803,1
48804,1
48805,1
48806,1
48807,1
48808,0
48809,1
48810,1
48811,1
48812,1
48813,1
48814,1
48815,1
48816,1
48817,1
48818,1
48819,1
48820,1
48821,1
48822,1
48823,1
48824,1
48825,1
48826,0
48827,0
48828,0
48829,0
48830,0
48831,0
48832,1
48833,1
48834,0
48835,0
48836,0
48837,0
48838,1
48839,1
48840,1
48841,1
48842,1
48843,1
48844,1
48845,1
48846,1
48847,1
48848,0
48849,1
48850,1
48851,1
48852,1
48853,1
48854,1
48855,1
48856,0
48857,0
48858,0
48859,0
48860,0
48861,0
48862,0
48863,1
48864,1
48865,1
48866,1
48867,1
48868,1
48869,1
48870,1
48871,1
48872,1
48873,0
48874,1
48875,1
48876,0
48877,1
48878,0
48879,1
48880,0
48881,0
48882,0
48883,1
48884,0
48885,0
48886,0
48887,0
48888,0
48889,1
48890,1
48891,1
48892,1
48893,1
48894,1
48895,1
48896,1
48897,1
48898,1
48899,1
48900,1
48901,1
48902,1
48903,1
48904,1
48905,1
48906,1
48907,1
48908,1
48909,1
48910,1
48911,0
48912,0
48913,0
48914,0
48915,1
48916,1
48917,1
48918,1
48919,1
48920,1
48921,1
48922,1
48923,1
48924,0
48925,1
48926,1
48927,1
48928,1
48929,1
48930,1
48931,1
48932,1
48933,1
48934,1
48935,1
48936,1
48937,1
48938,1
48939,1
48940,1
48941,1
48942,0
48943,0
48944,1
48945,0
48946,1
48947,0
48948,1
48949,1
48950,0
48951,0
48952,0
48953,0
48954,0
48955,0
48956,0
48957,0
48958,0
48959,0
48960,0
48961,0
48962,0
48963,0
48964,0
48965,1
48966,0
48967,1
48968,0
48969,0
48970,1
48971,1
48972,1
48973,1
48974,1
48975,1
48976,0
48977,1
48978,1
48979,0
48980,1
48981,1
48982,1
48983,1
48984,1
48985,1
48986,1
48987,1
48988,1
48989,1
48990,1
48991,1
48992,1
48993,0
48994,1
48995,1
48996,1
48997,1
48998,1
48999,1
49000,1
49001,1
49002,0
49003,1
49004,1
49005,0
49006,1
49007,0
49008,1
49009,1
49010,0
49011,1
49012,1
49013,1
49014,0
49015,1
49016,0
49017,0
49018,1
49019,0
49020,1
49021,1
49022,1
49023,1
49024,1
49025,1
49026,1
49027,1
49028,0
49029,1
49030,1
49031,1
49032,1
49033,1
49034,1
49035,1
49036,1
49037,1
49038,1
49039,1
49040,1
49041,1
49042,1
49043,1
49044,1
49045,1
49046,1
49047,1
49048,1
49049,1
49050,1
49051,1
49052,0
49053,0
49054,0
49055,1
49056,1
49057,0
49058,0
49059,1
49060,0
49061,0
49062,0
49063,1
49064,1
49065,1
49066,1
49067,1
49068,1
49069,1
49070,1
49071,1
49072,1
49073,1
49074,1
49075,1
49076,1
49077,1
49078,1
49079,1
49080,0
49081,0
49082,0
49083,0
49084,0
49085,0
49086,0
49087,1
49088,1
49089,1
49090,1
49091,1
49092,1
49093,1
49094,1
49095,1
49096,0
49097,0
49098,1
49099,0
49100,1
49101,1
49102,0
49103,1
49104,0
49105,0
49106,1
49107,1
49108,0
49109,0
49110,0
49111,0
49112,0
49113,0
49114,1
49115,1
49116,1
49117,1
49118,1
49119,1
49120,1
49121,1
49122,1
49123,1
49124,1
49125,1
49126,1
49127,1
49128,1
49129,1
49130,1
49131,1
49132,1
49133,1
49134,1
49135,0
49136,0
49137,0
49138,0
49139,0
49140,1
49141,1
49142,1
49143,1
49144,1
49145,1
49146,1
49147,1
49148,1
49149,1
49150,1
49151,1
49152,1
49153,1
49154,1
49155,1
49156,1
49157,1
49158,1
49159,1
49160,1
49161,1
49162,1
49163,1
49164,1
49165,0
49166,0
49167,1
49168,0
49169,0
49170,0
49171,1
49172,1
49173,1
49174,1
49175,0
49176,1
49177,0
49178,0
49179,1
49180,0
49181,1
49182,0
49183,1
49184,0
49185,0
49186,0
49187,0
49188,1
49189,0
49190,0
49191,0
49192,1
49193,0
49194,1
49195,1
49196,0
49197,0
49198,1
49199,1
49200,1
49201,1
49202,1
49203,1
49204,1
49205,1
49206,1
49207,1
49208,1
49209,1
49210,1
49211,1
49212,1
49213,1
49214,1
49215,1
49216,1
49217,1
49218,1
49219,1
49220,1
49221,1
49222,1
49223,1
49224,1
49225,0
49226,1
49227,0
49228,1
49229,0
49230,1
49231,1
49232,1
49233,1
49234,1
49235,1
49236,1
49237,1
49238,1
49239,0
49240,1
49241,1
49242,0
49243,1
49244,1
49245,1
49246,1
49247,0
49248,0
49249,1
49250,1
49251,1
49252,1
49253,1
49254,0
49255,1
49256,1
49257,1
49258,1
49259,1
49260,1
49261,1
49262,1
49263,1
49264,1
49265,1
49266,1
49267,1
49268,1
49269,1
49270,1
49271,1
49272,1
49273,1
49274,1
49275,1
49276,1
49277,0
49278,0
49279,0
49280,0
49281,1
49282,0
49283,0
49284,0
49285,0
49286,0
49287,0
49288,1
49289,1
49290,1
49291,1
49292,1
49293,1
49294,1
49295,1
49296,1
49297,0
49298,1
49299,1
49300,1
49301,1
49302,0
49303,1
49304,1
49305,0
49306,0
49307,0
49308,0
49309,0
49310,0
49311,1
49312,1
49313,1
49314,1
49315,1
49316,1
49317,1
49318,1
49319,1
49320,1
49321,0
49322,1
49323,1
49324,0
49325,1
49326,1
49327,1
49328,0
49329,0
49330,0
49331,0
49332,0
49333,0
49334,0
49335,0
49336,0
49337,0
49338,0
49339,1
49340,1
49341,1
49342,1
49343,1
49344,1
49345,1
49346,1
49347,1
49348,1
49349,1
49350,1
49351,1
49352,1
49353,1
49354,1
49355,1
49356,1
49357,1
49358,1
49359,1
49360,0
49361,0
49362,0
49363,0
49364,0
49365,0
49366,0
49367,1
49368,1
49369,1
49370,1
49371,1
49372,1
49373,1
49374,1
49375,1
49376,1
49377,0
49378,1
49379,1
49380,1
49381,0
49382,1
49383,1
49384,1
49385,1
49386,0
49387,1
49388,1
49389,0
49390,1
49391,1
49392,0
49393,0
49394,1
49395,0
49396,0
49397,0
49398,1
49399,1
49400,0
49401,0
49402,0
49403,0
49404,0
49405,1
49406,0
49407,1
49408,1
49409,0
49410,0
49411,1
49412,0
49413,0
49414,0
49415,0
49416,1
49417,0
49418,1
49419,1
49420,1
49421,1
49422,1
49423,1
49424,1
49425,1
49426,1
49427,1
49428,1
49429,1
49430,1
49431,1
49432,1
49433,1
49434,1
49435,1
49436,1
49437,1
49438,0
49439,0
49440,1
49441,1
49442,0
49443,1
49444,1
49445,1
49446,1
49447,1
49448,0
49449,1
49450,1
49451,0
49452,0
49453,0
49454,0
49455,1
49456,1
49457,1
49458,0
49459,1
49460,1
49461,1
49462,1
49463,1
49464,0
49465,1
49466,1
49467,0
49468,0
49469,1
49470,1
49471,0
49472,1
49473,1
49474,1
49475,0
49476,1
49477,0
49478,1
49479,1
49480,1
49481,1
49482,0
49483,1
49484,1
49485,1
49486,1
49487,1
49488,1
49489,1
49490,1
49491,1
49492,1
49493,1
49494,1
49495,1
49496,1
49497,1
49498,1
49499,1
49500,1
49501,1
49502,0
49503,0
49504,0
49505,1
49506,0
49507,0
49508,0
49509,0
49510,0
49511,0
49512,0
49513,1
49514,0
49515,1
49516,1
49517,0
49518,1
49519,1
49520,1
49521,1
49522,1
49523,1
49524,1
49525,1
49526,1
49527,1
49528,1
49529,0
49530,0
49531,0
49532,0
49533,0
49534,1
49535,0
49536,0
49537,0
49538,1
49539,1
49540,1
49541,1
49542,1
49543,1
49544,0
49545,1
49546,0
49547,0
49548,0
49549,0
49550,0
49551,0
49552,0
49553,0
49554,0
49555,0
49556,0
49557,1
49558,0
49559,0
49560,0
49561,0
49562,0
49563,0
49564,0
49565,1
49566,1
49567,1
49568,1
49569,1
49570,1
49571,1
49572,1
49573,1
49574,1
49575,1
49576,1
49577,1
49578,1
49579,1
49580,1
49581,1
49582,1
49583,1
49584,1
49585,0
49586,0
49587,0
49588,0
49589,0
49590,0
49591,0
49592,1
49593,1
49594,1
49595,0
49596,1
49597,1
49598,1
49599,1
49600,1
49601,1
49602,1
49603,1
49604,1
49605,1
49606,1
49607,1
49608,1
49609,1
49610,0
49611,0
49612,1
49613,1
49614,1
49615,0
49616,1
49617,0
49618,1
49619,1
49620,0
49621,1
49622,1
49623,0
49624,0
49625,0
49626,0
49627,1
49628,0
49629,0
49630,0
49631,1
49632,1
49633,0
49634,1
49635,1
49636,1
49637,1
49638,1
49639,0
49640,0
49641,0
49642,1
49643,0
49644,1
49645,1
49646,1
49647,1
49648,1
49649,0
49650,1
49651,1
49652,1
49653,1
49654,1
49655,1
49656,1
49657,1
49658,1
49659,1
49660,1
49661,1
49662,1
49663,0
49664,0
49665,1
49666,1
49667,0
49668,1
49669,0
49670,1
49671,1
49672,1
49673,1
49674,0
49675,0
49676,1
49677,0
49678,0
49679,1
49680,0
49681,1
49682,1
49683,0
49684,1
49685,1
49686,1
49687,0
49688,1
49689,1
49690,0
49691,0
49692,1
49693,0
49694,1
49695,1
49696,0
49697,1
49698,1
49699,1
49700,1
49701,1
49702,0
49703,0
49704,1
49705,1
49706,1
49707,1
49708,1
49709,1
49710,1
49711,1
49712,1
49713,1
49714,1
49715,1
49716,1
49717,1
49718,1
49719,0
49720,1
49721,1
49722,1
49723,1
49724,1
49725,1
49726,0
49727,0
49728,0
49729,1
49730,1
49731,0
49732,0
49733,1
49734,0
49735,0
49736,1
49737,1
49738,0
49739,0
49740,0
49741,0
49742,0
49743,1
49744,1
49745,1
49746,1
49747,1
49748,1
49749,1
49750,1
49751,1
49752,1
49753,1
49754,1
49755,0
49756,0
49757,0
49758,0
49759,0
49760,1
49761,0
49762,0
49763,1
49764,1
49765,1
49766,1
49767,1
49768,0
49769,0
49770,0
49771,0
49772,0
49773,0
49774,0
49775,0
49776,0
49777,0
49778,0
49779,0
49780,1
49781,0
49782,0
49783,0
49784,0
49785,0
49786,0
49787,0
49788,0
49789,0
49790,0
49791,1
49792,1
49793,1
49794,1
49795,1
49796,1
49797,1
49798,1
49799,1
49800,1
49801,1
49802,1
49803,1
49804,1
49805,1
49806,1
49807,1
49808,1
49809,1
49810,1
49811,1
49812,1
49813,1
49814,0
49815,0
49816,0
49817,0
49818,1
49819,1
49820,1
49821,1
49822,1
49823,1
49824,1
49825,1
49826,1
49827,1
49828,1
49829,1
49830,1
49831,1
49832,1
49833,1
49834,0
49835,1
49836,1
49837,0
49838,1
49839,1
49840,1
49841,1
49842,1
49843,1
49844,0
49845,1
49846,1
49847,0
49848,0
49849,0
49850,0
49851,0
49852,1
49853,0
49854,0
49855,0
49856,0
49857,1
49858,1
49859,1
49860,1
49861,1
49862,1
49863,1
49864,0
49865,0
49866,0
49867,0
49868,1
49869,1
49870,1
49871,1
49872,1
49873,1
49874,0
49875,0
49876,1
49877,1
49878,1
49879,1
49880,1
49881,1
49882,1
49883,1
49884,1
49885,1
49886,1
49887,1
49888,1
49889,1
49890,1
49891,1
49892,1
49893,0
49894,0
49895,1
49896,1
49897,1
49898,1
49899,1
49900,1
49901,1
49902,0
49903,0
49904,1
49905,1
49906,1
49907,1
49908,1
49909,1
49910,0
49911,1
49912,0
49913,1
49914,1
49915,1
49916,1
49917,1
49918,1
49919,1
49920,1
49921,1
49922,1
49923,1
49924,1
49925,1
49926,1
49927,1
49928,1
49929,1
49930,1
49931,1
49932,1
49933,1
49934,1
49935,1
49936,1
49937,1
49938,1
49939,1
49940,1
49941,0
49942,1
49943,1
49944,0
49945,0
49946,1
49947,1
49948,1
49949,1
49950,1
49951,0
49952,0
49953,0
49954,0
49955,1
49956,0
49957,0
49958,0
49959,0
49960,0
49961,1
49962,1
49963,0
49964,0
49965,0
49966,0
49967,0
49968,1
49969,1
49970,1
49971,1
49972,1
49973,1
49974,1
49975,1
49976,0
49977,1
49978,1
49979,0
49980,1
49981,0
49982,0
49983,0
49984,0
49985,0
49986,0
49987,0
49988,1
49989,1
49990,1
49991,0
49992,0
49993,0
49994,0
49995,0
49996,0
49997,0
49998,0
49999,0
50000,0
50001,0
50002,0
50003,0
50004,0
50005,0
50006,0
50007,0
50008,1
50009,0
50010,0
50011,0
50012,0
50013,0
50014,0
50015,0
50016,1
50017,1
50018,1
50019,1
50020,1
50021,1
50022,1
50023,1
50024,1
50025,1
50026,1
50027,1
50028,1
50029,1
50030,1
50031,1
50032,1
50033,1
50034,1
50035,1
50036,1
50037,1
50038,1
50039,1
50040,0
50041,0
50042,0
50043,0
50044,1
50045,1
50046,0
50047,1
50048,1
50049,1
50050,1
50051,1
50052,1
50053,1
50054,1
50055,1
50056,1
50057,1
50058,1
50059,1
50060,1
50061,1
50062,1
50063,1
50064,1
50065,1
50066,1
50067,1
50068,1
50069,1
50070,1
50071,0
50072,0
50073,0
50074,0
50075,0
50076,0
50077,0
50078,0
50079,0
50080,0
50081,0
50082,1
50083,1
50084,1
50085,1
50086,1
50087,1
50088,1
50089,1
50090,0
50091,0
50092,0
50093,1
50094,1
50095,1
50096,1
50097,1
50098,1
50099,0
50100,0
50101,1
50102,1
50103,1
50104,1
50105,1
50106,1
50107,1
50108,1
50109,1
50110,1
50111,1
50112,1
50113,1
50114,1
50115,0
50116,1
50117,0
50118,0
50119,1
50120,1
50121,0
50122,1
50123,1
50124,1
50125,1
50126,0
50127,0
50128,0
50129,0
50130,0
50131,1
50132,0
50133,1
50134,1
50135,1
50136,0
50137,1
50138,0
50139,0
50140,0
50141,1
50142,0
50143,1
50144,1
50145,1
50146,1
50147,1
50148,0
50149,1
50150,0
50151,1
50152,0
50153,1
50154,1
50155,1
50156,1
50157,1
50158,1
50159,1
50160,1
50161,1
50162,1
50163,1
50164,1
50165,1
50166,1
50167,0
50168,0
50169,1
50170,1
50171,1
50172,1
50173,1
50174,1
50175,0
50176,0
50177,0
50178,0
50179,0
50180,0
50181,0
50182,0
50183,0
50184,0
50185,1
50186,1
50187,1
50188,1
50189,1
50190,0
50191,0
50192,1
50193,0
50194,1
50195,1
50196,1
50197,1
50198,1
50199,1
50200,1
50201,1
50202,0
50203,1
50204,1
50205,0
50206,0
50207,0
50208,0
50209,0
50210,1
50211,0
50212,1
50213,1
50214,1
50215,1
50216,1
50217,0
50218,0
50219,0
50220,0
50221,0
50222,0
50223,0
50224,0
50225,0
50226,0
50227,0
50228,0
50229,0
50230,0
50231,0
50232,0
50233,0
50234,1
50235,0
50236,0
50237,0
50238,0
50239,0
50240,0
50241,1
50242,1
50243,1
50244,0
50245,0
50246,1
50247,1
50248,1
50249,1
50250,1
50251,1
50252,1
50253,1
50254,1
50255,1
50256,1
50257,1
50258,1
50259,1
50260,1
50261,0
50262,0
50263,1
50264,0
50265,0
50266,0
50267,0
50268,0
50269,1
50270,1
50271,1
50272,1
50273,0
50274,1
50275,1
50276,1
50277,1
50278,0
50279,0
50280,0
50281,1
50282,1
50283,1
50284,1
50285,1
50286,1
50287,1
50288,1
50289,1
50290,1
50291,1
50292,1
50293,1
50294,1
50295,0
50296,0
50297,0
50298,0
50299,0
50300,0
50301,0
50302,0
50303,0
50304,0
50305,0
50306,1
50307,1
50308,1
50309,1
50310,1
50311,1
50312,1
50313,1
50314,1
50315,1
50316,1
50317,0
50318,0
50319,1
50320,1
50321,0
50322,0
50323,0
50324,0
50325,1
50326,1
50327,1
50328,1
50329,1
50330,1
50331,1
50332,1
50333,1
50334,1
50335,1
50336,1
50337,1
50338,1
50339,1
50340,1
50341,1
50342,1
50343,0
50344,1
50345,0
50346,0
50347,0
50348,1
50349,0
50350,1
50351,0
50352,0
50353,0
50354,0
50355,0
50356,0
50357,1
50358,1
50359,0
50360,1
50361,1
50362,1
50363,0
50364,0
50365,0
50366,1
50367,1
50368,1
50369,0
50370,1
50371,1
50372,1
50373,1
50374,1
50375,1
50376,1
50377,1
50378,1
50379,1
50380,0
50381,1
50382,1
50383,1
50384,1
50385,1
50386,1
50387,1
50388,1
50389,1
50390,1
50391,0
50392,0
50393,1
50394,0
50395,1
50396,0
50397,0
50398,1
50399,1
50400,0
50401,0
50402,0
50403,1
50404,0
50405,0
50406,0
50407,0
50408,0
50409,1
50410,1
50411,1
50412,1
50413,1
50414,1
50415,1
50416,0
50417,0
50418,1
50419,1
50420,1
50421,1
50422,1
50423,1
50424,1
50425,1
50426,1
50427,1
50428,1
50429,0
50430,0
50431,0
50432,0
50433,0
50434,1
50435,0
50436,1
50437,0
50438,0
50439,1
50440,0
50441,1
50442,0
50443,1
50444,1
50445,1
50446,0
50447,1
50448,0
50449,0
50450,0
50451,0
50452,1
50453,0
50454,0
50455,0
50456,0
50457,0
50458,0
50459,0
50460,0
50461,0
50462,0
50463,0
50464,0
50465,0
50466,0
50467,0
50468,0
50469,0
50470,1
50471,0
50472,1
50473,1
50474,1
50475,1
50476,1
50477,1
50478,1
50479,1
50480,1
50481,1
50482,1
50483,1
50484,1
50485,1
50486,0
50487,0
50488,1
50489,1
50490,0
50491,0
50492,0
50493,0
50494,0
50495,0
50496,1
50497,1
50498,1
50499,1
50500,0
50501,0
50502,1
50503,0
50504,0
50505,0
50506,0
50507,0
50508,0
50509,1
50510,1
50511,0
50512,0
50513,1
50514,1
50515,1
50516,1
50517,1
50518,1
50519,1
50520,0
50521,0
50522,1
50523,1
50524,1
50525,0
50526,1
50527,0
50528,0
50529,0
50530,0
50531,1
50532,1
50533,0
50534,1
50535,0
50536,1
50537,1
50538,0
50539,1
50540,1
50541,1
50542,0
50543,1
50544,1
50545,1
50546,1
50547,1
50548,1
50549,0
50550,0
50551,0
50552,1
50553,1
50554,1
50555,1
50556,1
50557,1
50558,1
50559,1
50560,1
50561,1
50562,1
50563,0
50564,1
50565,1
50566,1
50567,1
50568,1
50569,0
50570,0
50571,1
50572,0
50573,1
50574,1
50575,0
50576,0
50577,1
50578,0
50579,0
50580,0
50581,0
50582,0
50583,1
50584,1
50585,1
50586,1
50587,1
50588,1
50589,1
50590,1
50591,1
50592,1
50593,1
50594,1
50595,1
50596,1
50597,1
50598,1
50599,1
50600,1
50601,1
50602,1
50603,1
50604,0
50605,1
50606,1
50607,1
50608,1
50609,1
50610,1
50611,1
50612,1
50613,0
50614,0
50615,0
50616,0
50617,0
50618,0
50619,0
50620,1
50621,0
50622,1
50623,1
50624,1
50625,1
